list(X = structure(.Data = c(1, 0.79187582549639, 0.187895321054384, 0.175811240449548, 
0.997110757278278, 0.707104658940807, 1, 0.694320479407907, 0.498964962782338, 
0.674216608051211, 0.668230240466073, 0.777319050393999, 1, 0.227781957713887, 
0.726108074886724, 0.567109059542418, 0.562746210489422, 0.859882022254169, 
1, 0.454108928330243, 0.317053020466119, 0.0788163961842656, 
0.104028427740559, 0.154228479135782, 1, 0.472492101602256, 0.383781068725511, 
0.579543919535354, 0.711519487900659, 0.085021359147504, 1, 0.858872378244996, 
0.147591070504859, 0.726034595398232, 0.782938044518232, 0.557827146723866, 
1, 0.677687285002321, 0.141624863492325, 0.745663391426206, 0.238613229012117, 
0.221998073393479, 1, 0.439409148879349, 0.368326653493568, 0.391214369796216, 
0.481420245254412, 0.48973150132224, 1, 0.463454361772165, 0.062576558906585, 
0.938496446236968, 0.800232461187989, 0.0290293444413692, 1, 
0.15429235319607, 0.247609045123681, 0.51571381255053, 0.20347260334529, 
0.956034919014201, 1, 0.161972498754039, 0.695493242703378, 0.18450935347937, 
0.922937971772626, 0.363781674997881, 1, 0.588113187579438, 0.412812453927472, 
0.917282620677724, 0.484762458130717, 0.689263130770996, 1, 0.27884511440061, 
0.414134974358603, 0.0491110067814589, 0.322006872389466, 0.605076887644827, 
1, 0.146174747729674, 0.91541584697552, 0.672354301204905, 0.513987802900374, 
0.0870939823798835, 1, 0.635009083431214, 0.593034833204001, 
0.978510443121195, 0.671260647475719, 0.812833472620696, 1, 0.153310326160863, 
0.0852988543920219, 0.0946435895748436, 0.469183022389188, 0.589986813021824, 
1, 0.963170103495941, 0.0839128033258021, 0.394879460101947, 
0.620324587915093, 0.989802557975054, 1, 0.987415014533326, 0.422751394798979, 
0.502922343555838, 0.551332112168893, 0.301316528581083, 1, 0.107576997252181, 
0.286355475196615, 0.330004780786112, 0.855791604146361, 0.402333206497133, 
1, 0.469522497383878, 0.00993955880403519, 0.247994271107018, 
0.0198769627604634, 0.402090857271105, 1, 0.453171694185585, 
0.293462274363264, 0.189732569735497, 0.387610157718882, 0.0561924995854497, 
1, 0.945948626147583, 0.900286034215242, 0.428868120070547, 0.376250156899914, 
0.763430602150038, 1, 0.760928838513792, 0.636392203858122, 0.540215743239969, 
0.47726615681313, 0.3264713967219, 1, 0.217513606185094, 0.672920388169587, 
0.617266179062426, 0.433083944255486, 0.205309106502682, 1, 0.492090672720224, 
0.202658181777224, 0.846898475661874, 0.61411922541447, 0.935664081713185, 
1, 0.762338384985924, 0.773252309998497, 0.716348938178271, 0.0591968297958374, 
0.287975904531777, 1, 0.0528839987237006, 0.526028549531475, 
0.793505332432687, 0.804281366057694, 0.252626059344038, 1, 0.441643160069361, 
0.0280086610000581, 0.138779313769192, 0.884008983848616, 0.464820852736011, 
1, 0.205396845703945, 0.62578451866284, 0.762322928290814, 0.363163877045736, 
0.59215527237393, 1, 0.0979261817410588, 0.424402587814257, 0.874441067455336, 
0.611856872681528, 0.420338892843574, 1, 0.947364974068478, 0.0344348892103881, 
0.0237818586174399, 0.683815397322178, 0.957356420112774, 1, 
0.370241160271689, 0.953426803229377, 0.0828051154967397, 0.089101844932884, 
0.211422410560772, 1, 0.21951395040378, 0.0601988737471402, 0.575885155471042, 
0.144511067774147, 0.905467802425846, 1, 0.124931124504656, 0.806624257238582, 
0.709207638166845, 0.198187628295273, 0.870180304162204, 1, 0.0764056206680834, 
0.107131419703364, 0.649641092400998, 0.880234336014837, 0.550668343435973, 
1, 0.388005958404392, 0.0749697701539844, 0.89982584817335, 0.138252089964226, 
0.387539150426164, 1, 0.903214377351105, 0.117331816582009, 0.464350186986849, 
0.605257616378367, 0.271350627765059, 1, 0.314267729176208, 0.0550866054836661, 
0.0485896517056972, 0.35531788202934, 0.508225803263485, 1, 0.435941808624193, 
0.100957808084786, 0.830064148409292, 0.241090066730976, 0.332698869751766, 
1, 0.866709818132222, 0.214225749950856, 0.054080146132037, 0.409342602360994, 
0.346805326640606, 1, 0.556041659321636, 0.781580067705363, 0.17319636233151, 
0.985162320546806, 0.871142437681556, 1, 0.277844205731526, 0.825054307235405, 
0.5972120820079, 0.19679825566709, 0.432687303517014, 1, 0.147938741836697, 
0.278249283554032, 0.725134450010955, 0.930701609700918, 0.585475443629548, 
1, 0.677129802294075, 0.939832453848794, 0.884167450712994, 0.800933332648128, 
0.983939914265648, 1, 0.815423144958913, 0.376825973158702, 0.989034448051825, 
0.0695953599642962, 0.525200728792697, 1, 0.368548413971439, 
0.987993804505095, 0.628315835027024, 0.549834551755339, 0.142302723135799, 
1, 0.084763053804636, 0.413779222872108, 0.063494541682303, 0.844285307219252, 
0.850669967476279, 1, 0.790370218455791, 0.10299481661059, 0.587428146973252, 
0.536872934084386, 0.0981707589235157, 1, 0.381823168136179, 
0.777412878349423, 0.944959698012099, 0.903406199533492, 0.664789479924366, 
1, 0.787163604050875, 0.560055776266381, 0.577362677082419, 0.315388506744057, 
0.837434304878116, 1, 0.435863583581522, 0.055603812681511, 0.951213869266212, 
0.813591639278457, 0.0253646476194263, 1, 0.708484591916203, 
0.966349626658484, 0.405736074317247, 0.332166936248541, 0.0253949186298996, 
1, 0.562864952720702, 0.291024109115824, 0.51414048532024, 0.914866557344794, 
0.577112551312894, 1, 0.426738787675276, 0.7247157569509, 0.161139117786661, 
0.735170260770246, 0.180333202471957, 1, 0.207131683826447, 0.951947363093495, 
0.664834729628637, 0.904378919396549, 0.864178188145161, 1, 0.817828641971573, 
0.548003535019234, 0.93518821359612, 0.46350527391769, 0.522440412081778, 
1, 0.771552211372182, 0.79136306559667, 0.214975570561364, 0.811709833331406, 
0.70101353013888, 1, 0.268620860762894, 0.0401119615416974, 0.573140548076481, 
0.954978260444477, 0.403210638090968, 1, 0.756329399300739, 0.219953945139423, 
0.705078028608114, 0.556027671787888, 0.811829366022721, 1, 0.401139102410525, 
0.411483352305368, 0.637354616075754, 0.280269544571638, 0.149052962660789, 
1, 0.467032594839111, 0.499922642251477, 0.0562137495726347, 
0.696606864919886, 0.844509841408581, 1, 0.494745777919888, 0.710226094117388, 
0.312150206649676, 0.0499517933931202, 0.7105197601486, 1, 0.693699236726388, 
0.0467404969967902, 0.957754474133253, 0.679338319925591, 0.807191720232368, 
1, 0.519987816223875, 0.87167512672022, 0.950754521647468, 0.826397061115131, 
0.966317388461903, 1, 0.840374141931534, 0.0263478977140039, 
0.28065628814511, 0.496881467290223, 0.98993660043925, 1, 0.985684749670327, 
0.189501645974815, 0.404337616404518, 0.447233979590237, 0.74623943050392, 
1, 0.0446887656580657, 0.0182870030403137, 0.354864077409729, 
0.93863586965017, 0.315888525685295, 1, 0.329312769928947, 0.419618271291256, 
0.897356264526024, 0.73108307342045, 0.288914407370612, 1, 0.0183451652992517, 
0.606347505934536, 0.0516411759890616, 0.948982899310067, 0.468031227355823, 
1, 0.290816141990945, 0.642104239435866, 0.42689436674118, 0.0112953896168619, 
0.620107674738392, 1, 0.251353811705485, 0.620490560075268, 0.85612890147604, 
0.243327059783041, 0.937288843793795, 1, 0.237998441793025, 0.207048857118934, 
0.585370639804751, 0.877447764156386, 0.104798304382712, 1, 0.170990585582331, 
0.136579333804548, 0.768557656323537, 0.221853656228632, 0.852584573905915, 
1, 0.334975118283182, 0.483627132372931, 0.933089967817068, 0.850863707950339, 
0.690667559858412, 1, 0.382937222719193, 0.849209741456434, 0.678236639359966, 
0.566728003323078, 0.9237858094275, 1, 0.503498536301777, 0.462690482381731, 
0.989617099519819, 0.548700385261327, 0.240528114140034, 1, 0.791419952176511, 
0.28715225472115, 0.873211801750585, 0.613103091716766, 0.258306723088026, 
1, 0.915326425107196, 0.602865607012063, 0.612254810752347, 0.435627975733951, 
0.218086618930101, 1, 0.724876889958978, 0.285340309841558, 0.505172244273126, 
0.80334241874516, 0.0526936228852719, 1, 0.307186323218048, 0.551070314832032, 
0.0482879402115941, 0.346945479512215, 0.468097599688917, 1, 
0.533272955100983, 0.980637669330463, 0.201533440267667, 0.759668200276792, 
0.444516896735877, 1, 0.777221248717979, 0.173288795631379, 0.159652949078009, 
0.123769025085494, 0.658563508186489, 1, 0.0830141715705395, 
0.000175383407622576, 0.286347245331854, 0.510633864905685, 0.514789819950238, 
1, 0.28007953776978, 0.756881410256028, 0.332753597991541, 0.202207952504978, 
0.561850716592744, 1, 0.0643675304017961, 0.601274236105382, 
0.054001102456823, 0.234302053926513, 0.608077429002151, 1, 0.542089181952178, 
0.257062150165439, 0.613011938054115, 0.132068455452099, 0.833735077641904, 
1, 0.244357169372961, 0.291553790215403, 0.696994014084339, 0.350766875548288, 
0.80826628440991, 1, 0.642900698352605, 0.668329701991752, 0.431284292135388, 
0.980188230751082, 0.94182661222294, 1, 0.488991684280336, 0.350195361301303, 
0.687065985286608, 0.533273522974923, 0.764596458291635, 1, 0.740844458341599, 
0.244845811277628, 0.785282093798742, 0.596829374320805, 0.295344232348725, 
1, 0.603611423168331, 0.988045117352158, 0.387249836698174, 0.121297335484996, 
0.644201143877581, 1, 0.0466378105338663, 0.0240730918012559, 
0.222499726107344, 0.176847183378413, 0.213012304855511, 1, 0.64858587202616, 
0.806196670746431, 0.96828188886866, 0.447781672002748, 0.51354627055116, 
1, 0.379742474295199, 0.830900521017611, 0.241994922515005, 0.421940285712481, 
0.773519266629592, 1, 0.166769033297896, 0.3743194360286, 0.112642022781074, 
0.0617761348839849, 0.51237160526216, 1, 0.721736983396113, 0.501178109552711, 
0.752270828932524, 0.739065682049841, 0.760785171994939, 1, 0.32257496449165, 
0.81639521359466, 0.205554477637634, 0.205444399733096, 0.647733348887414, 
1, 0.873124656267464, 0.171023040544242, 0.149436058476567, 0.604235504288226, 
0.483436727663502, 1, 0.267880729399621, 0.665955855045468, 0.640161857707426, 
0.991166703868657, 0.467182068619877, 1, 0.0644147919956595, 
0.190165956970304, 0.550758951343596, 0.326320205582306, 0.0711863997858018, 
1, 0.242612155620009, 0.649432064499706, 0.679720848798752, 0.427228512940928, 
0.555282560642809, 1, 0.849915833678097, 0.110352148069069, 0.494865919928998, 
0.152290277183056, 0.364119169069454, 1, 0.762791006360203, 0.882347585400566, 
0.0975109122227877, 0.264399678446352, 0.125965742394328, 1, 
0.326662098057568, 0.66068489686586, 0.144591517047957, 0.616392726078629, 
0.487614895449951, 1, 0.926314300857484, 0.553325523855165, 0.638888345099986, 
0.415355623932555, 0.342355738859624, 1, 0.655199716798961, 0.181542734149843, 
0.948889455525205, 0.483578058425337, 0.245646019233391, 1, 0.517404055921361, 
0.852633211063221, 0.292138236109167, 0.461652227211744, 0.785978088853881, 
1, 0.774295838084072, 0.476697989972308, 0.942443973151967, 0.152996457181871, 
0.331016316078603, 1, 0.645641572074965, 0.124362042639405, 0.167931696167216, 
0.21514420863241, 0.297894445480779, 1, 0.864243910647929, 0.205536224180833, 
0.424542909022421, 0.843463866040111, 0.86171391280368, 1, 0.406069557415321, 
0.356355110183358, 0.742612885776907, 0.386581724975258, 0.378041796386242, 
1, 0.142460773233324, 0.990292758215219, 0.935003314865753, 0.544885183218867, 
0.00550169753842056, 1, 0.155814990866929, 0.674618388758972, 
0.0402086074464023, 0.741562098031864, 0.0920313007663935, 1, 
0.768654125975445, 0.904189583146945, 0.131594334496185, 0.48849488934502, 
0.839357557939366, 1, 0.612257971661165, 0.487894493155181, 0.414192223455757, 
0.637517380062491, 0.576873735524714, 1, 0.802230744622648, 0.322566654067487, 
0.540858621243387, 0.8917091274634, 0.262425624532625, 1, 0.181639025453478, 
0.769159194314852, 0.307251189602539, 0.553511103847995, 0.472935266559944, 
1, 0.731842063833028, 0.89155301800929, 0.644352683564648, 0.906679396517575, 
0.921216507209465, 1, 0.939955065958202, 0.0425896891392767, 
0.457963190507144, 0.265012852614745, 0.725866085384041, 1, 0.0403962663840503, 
0.195916964439675, 0.886869466397911, 0.0699242081027478, 0.109900099225342, 
1, 0.115505406167358, 0.631917648250237, 0.951252369210124, 0.320276591228321, 
0.127111040521413, 1, 0.582579246722162, 0.929808102548122, 0.665880519896746, 
0.353095621569082, 0.514546246267855, 1, 0.702776936348528, 0.451059663435444, 
0.476143584353849, 0.245686857961118, 0.0741315484046936, 1, 
0.641464786836877, 0.757294053211808, 0.500632890034467, 0.397774092154577, 
0.12189898500219, 1, 0.615821106359363, 0.158671916928142, 0.674636759562418, 
0.218617256730795, 0.0605344723444432, 1, 0.433973496081308, 
0.638059434946626, 0.616996651981026, 0.66917142807506, 0.308323800563812, 
1, 0.420278092380613, 0.31669236253947, 0.0137428867164999, 0.797710408456624, 
0.852091369451955, 1, 0.520531910238788, 0.629963724408299, 0.253054558299482, 
0.788937957491726, 0.362561375601217, 1, 0.681970532983541, 0.288172890199348, 
0.883276348467916, 0.0633309052791446, 0.879355984739959, 1, 
0.961654463782907, 0.522667417302728, 0.744552957126871, 0.0212306375615299, 
0.645579643081874, 1, 0.847785521764308, 0.514318578876555, 0.710120035102591, 
0.674304872518405, 0.920147573342547, 1, 0.152625282062218, 0.10736727504991, 
0.736680498579517, 0.187826173612848, 0.560158577747643, 1, 0.134159646462649, 
0.112842941191047, 0.531710556009784, 0.182797852903605, 0.0831874264404178, 
1, 0.729365228908136, 0.524692850187421, 0.557365361135453, 0.0489076408557594, 
0.484835450071841, 1, 0.522007919847965, 0.222527387551963, 0.948366693686694, 
0.47577498247847, 0.96610849048011, 1, 0.597186436410993, 0.997468001209199, 
0.713812160538509, 0.461410918971524, 0.626213796203956, 1, 0.977292714174837, 
0.385290114441887, 0.69365771417506, 0.280771345132962, 0.270100875524804, 
1, 0.0169191129971296, 0.929612158564851, 0.832298206165433, 
0.240178812062368, 0.406441469909623, 1, 0.347971808398142, 0.872642690548673, 
0.306928486563265, 0.936577419517562, 0.280518497806042, 1, 0.546822457807139, 
0.0141854153480381, 0.00818722415715456, 0.70000661117956, 0.995581393130124, 
1, 0.67319318652153, 0.307314668083563, 0.105366775766015, 0.0310532790608704, 
0.466117726638913, 1, 0.444087021285668, 0.988394155865535, 0.382633516332135, 
0.703838900895789, 0.921439910074696, 1, 0.935725822346285, 0.599367443239316, 
0.898084068205208, 0.82086668885313, 0.131726986728609, 1, 0.556440358748659, 
0.00399104179814458, 0.874689659336582, 0.105993713485077, 0.529260923387483, 
1, 0.105125024914742, 0.268138341605663, 0.290945521555841, 0.868291705148295, 
0.553346273023635, 1, 0.514965352369472, 0.999507504981011, 0.675404779147357, 
0.621647460851818, 0.132994983578101, 1, 0.210016262019053, 0.645810313057154, 
0.808619346935302, 0.594310553045943, 0.477946507977322, 1, 0.525383024243638, 
0.060088474303484, 0.971184828318655, 0.842607715865597, 0.702206218848005, 
1, 0.32259896537289, 0.958583143539727, 0.929564569378272, 0.819589006016031, 
0.567330709192902, 1, 0.683595092967153, 0.745325164636597, 0.963758087716997, 
0.173034065868706, 0.037098330212757, 1, 0.133425093255937, 0.694513218477368, 
0.442723275627941, 0.122357616433874, 0.0495905440766364, 1, 
0.989202807191759, 0.0405413038097322, 0.937580403871834, 0.674114717636257, 
0.549862454878166, 1, 0.00269406451843679, 0.811023298883811, 
0.372853570384905, 0.00701262010261416, 0.525249676080421, 1, 
0.511051558423787, 0.398052648641169, 0.992526264395565, 0.234818523749709, 
0.617860383586958, 1, 0.134434590348974, 0.222348475828767, 0.999483899679035, 
0.166870654094964, 0.884113017469645, 1, 0.211289174156263, 0.760590109275654, 
0.724390762625262, 0.905578087549657, 0.283341050846502, 1, 0.818414299516007, 
0.830123692052439, 0.8097215781454, 0.231783124385402, 0.877095661126077, 
1, 0.989476169226691, 0.54623382166028, 0.320254916558042, 0.893268265295774, 
0.409277043072507, 1, 0.559853579383343, 0.853034520987421, 0.036622371757403, 
0.816855664597824, 0.745963335502893, 1, 0.401296041440219, 0.365759901003912, 
0.93084004893899, 0.357847825624049, 0.520657364744693, 1, 0.180108714383096, 
0.228716428391635, 0.342032853048295, 0.507023862330243, 0.658312091371045, 
1, 0.138625375460833, 0.221525968285277, 0.0594073634129018, 
0.552058895817026, 0.596065558260307, 1, 0.313864110503346, 0.37854368519038, 
0.585096613271162, 0.136137992143631, 0.643537282478064, 1, 0.600292086368427, 
0.348494950914755, 0.200344649376348, 0.900581527734175, 0.186105232452974, 
1, 0.442623233422637, 0.665439282543957, 0.2251998456195, 0.819003914250061, 
0.390551049029455, 1, 0.562387308338657, 0.724460792727768, 0.0508015195373446, 
0.687687663594261, 0.407651383196935, 1, 0.393900477793068, 0.217247184598818, 
0.760671680094674, 0.73144603590481, 0.486293217400089, 1, 0.653534736251459, 
0.822410305030644, 0.244627648498863, 0.0563179445452988, 0.949838885338977, 
1, 0.798554140608758, 0.478703618980944, 0.662937016692013, 0.276126316515729, 
0.257020097691566, 1, 0.169278446352109, 0.472485370235518, 0.0598500359337777, 
0.838765102205798, 0.72341449605301, 1, 0.232572371605784, 0.6361766862683, 
0.409796301741153, 0.979076735675335, 0.765035477466881, 1, 0.283329033991322, 
0.667800286784768, 0.985473668202758, 0.768626623321325, 0.402620560955256, 
1, 0.0923770877998322, 0.843467642553151, 0.879567874595523, 
0.220630808267742, 0.578915570164099, 1, 0.792074835626408, 0.595556997461244, 
0.288677339442074, 0.882898560026661, 0.749915046384558, 1, 0.483555729966611, 
0.553189151687548, 0.267798342043534, 0.127189575694501, 0.20160146872513, 
1, 0.563900398323312, 0.194705445319414, 0.119197725551203, 0.613885057391599, 
0.955661460524425, 1, 0.577131049474701, 0.305045881774276, 0.963689505588263, 
0.659191439393908, 0.111568537075073, 1, 0.190329260192811, 0.13766105985269, 
0.0262069248128682, 0.549101300304756, 0.111273332266137, 1, 
0.235877234488726, 0.706517171347514, 0.857251229695976, 0.502321887528524, 
0.110945421969518, 1, 0.796570088015869, 0.906244992977008, 0.77685025963001, 
0.800557856680825, 0.862206565216184, 1, 0.537121911300346, 0.00733624212443829, 
0.0975641827099025, 0.476643651491031, 0.121259919600561, 1, 
0.549792197300121, 0.842354441294447, 0.683756098384038, 0.47123330202885, 
0.716219501802698, 1, 0.446312008658424, 0.908543997909874, 0.0745184181723744, 
0.216021910076961, 0.696531288558617, 1, 0.951213596621528, 0.19185472256504, 
0.570688728475943, 0.108564193826169, 0.750720730982721, 1, 0.686725359410048, 
0.670476190513, 0.395196971017867, 0.807474507251754, 0.203203997109085, 
1, 0.432744379620999, 0.535001386422664, 0.309148987755179, 0.12612389633432, 
0.241785843390971, 1, 0.0420201087836176, 0.223325744038448, 
0.932816103566438, 0.522292743902653, 0.306878158822656, 1, 0.520564916543663, 
0.0211751924362034, 0.223645735997707, 0.559290857519954, 0.188634998397902, 
1, 0.117412950145081, 0.549515288090333, 0.317288174759597, 0.880106520839036, 
0.0132049857638776, 1, 0.826586827635765, 0.166113572195172, 
0.507684594020247, 0.987631307216361, 0.162289276486263, 1, 0.857725638663396, 
0.0379937423858792, 0.229642880149186, 0.314794959500432, 0.210425122408196, 
1, 0.511077102972195, 0.6901641250588, 0.833565829088911, 0.623309874208644, 
0.848761642118916, 1, 0.0905531269963831, 0.226734942290932, 
0.263190454104915, 0.482183468528092, 0.968428923282772, 1, 0.673373702447861, 
0.449747230159119, 0.266845224658027, 0.18762931227684, 0.0168272827286273, 
1, 0.764822326833382, 0.791939991526306, 0.0805205423384905, 
0.90791519312188, 0.462707493221387, 1, 0.638927000574768, 0.323377525433898, 
0.423078777268529, 0.622352140722796, 0.549082783283666, 1, 0.552648633252829, 
0.849643449299037, 0.395897443639114, 0.311349818948656, 0.764174564508721, 
1, 0.731435016030446, 0.136022407794371, 0.0526098560076207, 
0.820995670044795, 0.00268090493045747, 1, 0.747295457869768, 
0.139982474036515, 0.678722623735666, 0.660383863607422, 0.439003887819126, 
1, 0.641482435166836, 0.105854706838727, 0.892310451250523, 0.602138949325308, 
0.898878959240392, 1, 0.132411570521072, 0.907440420705825, 0.285167142981663, 
0.0601993065793067, 0.408573751570657, 1, 0.685489351395518, 
0.903028567554429, 0.207445678301156, 0.238988471915945, 0.550061984919012, 
1, 0.794785325881094, 0.0431836964562535, 0.738446383969858, 
0.141777959885076, 0.836743019288406, 1, 0.95752366213128, 0.169122166000307, 
0.60840034391731, 0.7670407963451, 0.401785704307258, 1, 0.0421093432232738, 
0.461697478312999, 0.415571821620688, 0.550203455379233, 0.136498727370054, 
1, 0.180403192527592, 0.346125713782385, 0.533142047002912, 0.760199111653492, 
0.181213127449155, 1, 0.673783377045766, 0.755905473139137, 0.276620225282386, 
0.518135573482141, 0.11480504157953, 1, 0.897234272910282, 0.124007493257523, 
0.231112045235932, 0.672676255693659, 0.203214384615421, 1, 0.909852771088481, 
0.0195177753921598, 0.820017722435296, 0.101763975573704, 0.503869858104736, 
1, 0.0626946508418769, 0.24314873223193, 0.202226986875758, 0.323386672418565, 
0.112990201450884, 1, 0.193337365984917, 0.746929299551994, 0.806357746711001, 
0.769928622292355, 0.610228943871334, 1, 0.494078961666673, 0.224481153301895, 
0.984953409992158, 0.472839525202289, 0.61051073577255, 1, 0.470206868834794, 
0.821617700858042, 0.305569791933522, 0.667682552011684, 0.0415779955219477, 
1, 0.378408251097426, 0.307307340437546, 0.00645628198981285, 
0.674397383350879, 0.955223831348121, 1, 0.783026383724064, 0.722504571313038, 
0.665527350269258, 0.929390279110521, 0.726092096185312, 1, 0.291677095927298, 
0.229067101841792, 0.107858513947576, 0.812896308721974, 0.504825960379094, 
1, 0.318909013876691, 0.6943084821105, 0.545867263106629, 0.579029084416106, 
0.211669757030904, 1, 0.400269277626649, 0.489078227896243, 0.00817579030990601, 
0.556012567598373, 0.753909426741302, 1, 0.651757405837998, 0.632524572778493, 
0.733332577859983, 0.837047412758693, 0.367603306658566, 1, 0.637813637265936, 
0.50576707161963, 0.433444220339879, 0.411972450790927, 0.244255170226097, 
1, 0.264262836892158, 0.608571128454059, 0.395317340036854, 0.893586793448776, 
0.328066067304462, 1, 0.737627614755183, 0.921211424283683, 0.288116207579151, 
0.382711660116911, 0.663252562051639, 1, 0.658181818667799, 0.663322758628055, 
0.0356187154538929, 0.606794361257926, 0.239111908478662, 1, 
0.601824284065515, 0.541475751902908, 0.137686578324065, 0.590630680089816, 
0.669407906010747, 1, 0.367832340300083, 0.215926583157852, 0.670478361658752, 
0.896589848678559, 0.163626098074019, 1, 0.164582649711519, 0.836013726191595, 
0.0523304725065827, 0.631158126052469, 0.0978604874107987, 1, 
0.592616032576188, 0.705315829021856, 0.927266343729571, 0.487489846767858, 
0.448143767891452, 1, 0.665689758490771, 0.946771933929995, 0.581628771964461, 
0.644776369677857, 0.838325467891991, 1, 0.230817261850461, 0.869425493525341, 
0.657552595017478, 0.256867350777611, 0.00244774227030575, 1, 
0.825031875399873, 0.290319723309949, 0.431817801902071, 0.108423213008791, 
0.4627533655148, 1, 0.55081163556315, 0.729183309245855, 0.760872824583203, 
0.733370486181229, 0.969379851827398, 1, 0.297605974134058, 0.816732068313286, 
0.772770882584155, 0.682710343506187, 0.652954524150118, 1, 0.908777900971472, 
0.797779824351892, 0.194927834672853, 0.212127241306007, 0.42614598874934, 
1, 0.18053237744607, 0.189131802646443, 0.705516126938164, 0.836549666710198, 
0.440204589394853, 1, 0.857471659779549, 0.495325756492093, 0.750855610938743, 
0.116271773353219, 0.83318521338515, 1, 0.708143808646128, 0.361620113020763, 
0.0745988138951361, 0.104641361162066, 0.146983240265399, 1, 
0.112296439008787, 0.626425442285836, 0.510720959166065, 0.945505144773051, 
0.745983779197559, 1, 0.572028486756608, 0.834324194118381, 0.917833616724238, 
0.036392132518813, 0.627022972796112, 1, 0.599167354870588, 0.791368253063411, 
0.0214647792745382, 0.822336846729741, 0.336126184323803, 1, 
0.559844268951565, 0.0567206556443125, 0.660313485190272, 0.351047430653125, 
0.981186229269952, 1, 0.446283830562606, 0.398571141296998, 0.0933502598199993, 
0.872682627057657, 0.996760241687298, 1, 0.641093008453026, 0.935524373780936, 
0.432408191729337, 0.0794365385081619, 0.882392409723252, 1, 
0.263844789937139, 0.649743524612859, 0.0128209439571947, 0.668706030584872, 
0.503581949742511, 1, 0.182787329657003, 0.146410231944174, 0.222768793115392, 
0.188882782356814, 0.240597455762327, 1, 0.81537151010707, 0.233568792929873, 
0.691079411190003, 0.696322617586702, 0.117903541307896, 1, 0.531983979977667, 
0.332608230644837, 0.53568611619994, 0.507176569895819, 0.599757701624185, 
1, 0.0972852141130716, 0.241468524793163, 0.143513632472605, 
0.445864151697606, 0.437244807370007, 1, 0.814509639982134, 0.420960976742208, 
0.457495810464025, 0.568428126629442, 0.393233513226733, 1, 0.624176637968048, 
0.996590098133311, 0.666537834797055, 0.94207697827369, 0.443638289580122, 
1, 0.624300939263776, 0.677671939367428, 0.436794107314199, 0.998289929237217, 
0.659978218842298, 1, 0.305701112840325, 0.583215258084238, 0.332541044335812, 
0.0900823974516243, 0.537242216058075, 1, 0.753249908564612, 
0.114307379582897, 0.205066733062267, 0.564075859729201, 0.416425428586081, 
1, 0.0193445696495473, 0.241508531151339, 0.587526491144672, 
0.328144812956452, 0.345293407561257, 1, 0.484717641724274, 0.807363995350897, 
0.318390298401937, 0.739428369794041, 0.232793302740902, 1, 0.660299881361425, 
0.179542175494134, 0.614841090049595, 0.404627967858687, 0.806190168485045, 
1, 0.152319715125486, 0.411718952469528, 0.844783605774865, 0.344291409710422, 
0.17504892940633, 1, 0.196732391603291, 0.639885681681335, 0.103061862522736, 
0.211078913416713, 0.0188178217504174, 1, 0.494329235516489, 
0.609134777681902, 0.526642855256796, 0.22947167349048, 0.0705389603972435, 
1, 0.117526792222634, 0.347246457124129, 0.435867888620123, 0.291610293090343, 
0.616923205321655, 1, 0.764609215315431, 0.857771735871211, 0.98382095945999, 
0.389426357811317, 0.925256135175005, 1, 0.285248370608315, 0.198116808431223, 
0.70359166758135, 0.826284820912406, 0.342395663028583, 1, 0.892730543855578, 
0.854719756869599, 0.128833565162495, 0.409991031279787, 0.3386833909899, 
1, 0.770891698310152, 0.12862245622091, 0.690787672065198, 0.567128124414012, 
0.813946466660127, 1, 0.647410142701119, 0.827108460478485, 0.834278686204925, 
0.114810029277578, 0.582437101053074, 1, 0.316818969557062, 0.534534457372501, 
0.11181020271033, 0.635324922157452, 0.174863517982885, 1, 0.760031409328803, 
0.917776624904945, 0.728428433649242, 0.569015020271763, 0.649412432685494, 
1, 0.120713345939294, 0.938964880304411, 0.00477956444956362, 
0.288719396339729, 0.507261095335707, 1, 0.793567707762122, 0.916511345887557, 
0.46221046638675, 0.269689244916663, 0.392488463316113, 1, 0.156313186511397, 
0.42001248546876, 0.482752922922373, 0.660052451305091, 0.250606720568612, 
1, 0.605556003050879, 0.729977010283619, 0.827391919447109, 0.839109020540491, 
0.553259107517079, 1, 0.792010103119537, 0.411130430642515, 0.824845742899925, 
0.126384946517646, 0.610133280511945, 1, 0.217478039674461, 0.966900792205706, 
0.241573584033176, 0.935734369093552, 0.514688506023958, 1, 0.535599038004875, 
0.16751033323817, 0.563648257171735, 0.482385016046464, 0.924018918769434, 
1, 0.574642199557275, 0.0400695661082864, 0.895738984225318, 
0.0377995425369591, 0.314774709520862, 1, 0.190331153571606, 
0.726353955455124, 0.21928137075156, 0.594576904084533, 0.979170342441648, 
1, 0.162898582872003, 0.667521422496065, 0.680219923146069, 0.782562587410212, 
0.3006956060417, 1, 0.297963995719329, 0.455055531812832, 0.3364252964966, 
0.915019773645326, 0.923211055807769, 1, 0.693362571531907, 0.185937230940908, 
0.801532226381823, 0.960065632825717, 0.284628143301234, 1, 0.489888299955055, 
0.340925414115191, 0.574469438288361, 0.366006680298597, 0.168529254617169, 
1, 0.0998312910087407, 0.966789249097928, 0.542539554648101, 
0.946715994272381, 0.45346963359043, 1, 0.627580537227914, 0.762679921463132, 
0.0993482484482229, 0.183889124309644, 0.248079789802432, 1, 
0.223426813259721, 0.500077698146924, 0.886054064845666, 0.0707732762675732, 
0.765149910934269, 1, 0.663745024474338, 0.152283975388855, 0.270256214775145, 
0.475258453050628, 0.726032730657607, 1, 0.450834191637114, 0.779678310966119, 
0.644751264713705, 0.35737167019397, 0.902359559200704, 1, 0.165035561192781, 
0.585896385833621, 0.801472223596647, 0.987945950124413, 0.687720836373046, 
1, 0.411101293517277, 0.809576248284429, 0.165597614366561, 0.622106662252918, 
0.839680543169379, 1, 0.590719069121405, 0.389362323563546, 0.425886216340587, 
0.98099374724552, 0.567916230065748, 1, 0.875620573526248, 0.761554874712601, 
0.782956530340016, 0.833766633877531, 0.6654032189399, 1, 0.797523678978905, 
0.49839552398771, 0.0432470780797303, 0.959592559374869, 0.0543706770986319, 
1, 0.0615059591364115, 0.875718035502359, 0.850898173404858, 
0.828011875972152, 0.194563459604979, 1, 0.146930208662525, 0.135203209007159, 
0.0951912861783057, 0.783638689201325, 0.124657673528418, 1, 
0.0588004139717668, 0.946374817285687, 0.12697235844098, 0.216968281660229, 
0.259384341537952, 1, 0.720214904518798, 0.660913982661441, 0.787602954078466, 
0.995845100842416, 0.221472475677729, 1, 0.133390875533223, 0.999575929250568, 
0.651926498161629, 0.426996033173054, 0.752617471851408, 1, 0.755463327746838, 
0.21943196002394, 0.0489487128797919, 0.968006849754602, 0.487933631287888, 
1, 0.168579740915447, 0.484555056318641, 0.758883114671335, 0.301507208030671, 
0.0487231297884136, 1, 0.633521450683475, 0.757611525943503, 
0.55511298822239, 0.408370113931596, 0.150346372742206, 1, 0.070377902360633, 
0.497696930076927, 0.319495048839599, 0.670522627653554, 0.259435395943001, 
1, 0.411246090196073, 0.993206628598273, 0.435828464105725, 0.499800235731527, 
0.705674934200943, 1, 0.586919621098787, 0.768257145071402, 0.32645671069622, 
0.118309886194766, 0.342175127472728, 1, 0.666912935674191, 0.377392305061221, 
0.825773288495839, 0.581436493434012, 0.794594043632969, 1, 0.902752566616982, 
0.0594377918168902, 0.199521039845422, 0.0918984268791974, 0.623336249496788, 
1, 0.508621734799817, 0.296322396723554, 0.0563854146748781, 
0.650494943140075, 0.36175992176868, 1, 0.141287010395899, 0.204368274891749, 
0.401313276961446, 0.451396166114137, 0.468691977672279, 1, 0.933146335417405, 
0.92740241298452, 0.0180574674159288, 0.777946413261816, 0.919204818783328, 
1, 0.655816407874227, 0.146881186636165, 0.0605663324240595, 
0.902132066898048, 0.173211170826107, 1, 0.44401517836377, 0.0570933970157057, 
0.54473964869976, 0.829438352026045, 0.21971530537121, 1, 0.392783816205338, 
0.0281265010125935, 0.00172824528999627, 0.208398192422464, 0.947381409350783, 
1, 0.529797502560541, 0.205386624904349, 0.602275464916602, 0.546010398305953, 
0.0569528338965029, 1, 0.544786549871787, 0.949572156183422, 
0.0711259869858623, 0.102626901119947, 0.826054656179622, 1, 
0.476739525096491, 0.876499611418694, 0.606836179504171, 0.496214335784316, 
0.258789752610028, 1, 0.845137457596138, 0.283053140155971, 0.851002267096192, 
0.681814986048266, 0.622795440256596, 1, 0.2794092472177, 0.697852056473494, 
0.742033185204491, 0.23535783845, 0.539688578341156, 1, 0.998158139642328, 
0.0596798814367503, 0.645934964763001, 0.670386057812721, 0.868108376162127, 
1, 0.356677836040035, 0.0896646489854902, 0.751703554531559, 
0.795157428598031, 0.90346346097067, 1, 0.039327158825472, 0.57584622153081, 
0.138670360436663, 0.690166874788702, 0.815900744404644, 1, 0.992588833207265, 
0.999865299556404, 0.957704761298373, 0.121836596168578, 0.497075198218226, 
1, 0.883843198185787, 0.825059791095555, 0.118318412685767, 0.220399609766901, 
0.966073994059116, 1, 0.685169677017257, 0.168069173349068, 0.0289775496348739, 
0.967495590914041, 0.78489307151176, 1, 0.500847747316584, 0.43504375196062, 
0.405378023395315, 0.426997933071107, 0.461989452596754, 1, 0.556048374855891, 
0.190830331295729, 0.247459079371765, 0.680364167317748, 0.973306831670925, 
1, 0.5510455572512, 0.0292428855318576, 0.932349298382178, 0.432701530866325, 
0.585502743488178, 1, 0.426886692177504, 0.351604781113565, 0.94312537019141, 
0.738356539048254, 0.138244548812509, 1, 0.345563664799556, 0.55905378726311, 
0.403029881184921, 0.556489794747904, 0.62894664122723, 1, 0.976929126074538, 
0.438057301566005, 0.393790466943756, 0.811409724410623, 0.0110345911234617, 
1, 0.285738427890465, 0.0535867803264409, 0.530977876391262, 
0.821668308461085, 0.979733573272824, 1, 0.008277049055323, 0.929009452927858, 
0.113878453150392, 0.280688485363498, 0.259586686035618, 1, 0.48663264256902, 
0.288858309853822, 0.877490489510819, 0.0453535944689065, 0.865035178838298, 
1, 0.44384982669726, 0.60330909746699, 0.635987815447152, 0.317454100353643, 
0.631158760050312, 1, 0.750456223962829, 0.13762218109332, 0.890633727191016, 
0.233803314389661, 0.288798693800345, 1, 0.187074258923531, 0.897065707948059, 
0.864796900656074, 0.774157559499145, 0.508975859964266, 1, 0.0444885864853859, 
0.278381331125274, 0.62241183151491, 0.907224298454821, 0.653417707188055, 
1, 0.524071752559394, 0.535665002185851, 0.696697630919516, 0.376359516987577, 
0.113324529258534, 1, 0.547588769113645, 0.0194202174898237, 
0.0447562108747661, 0.568106433609501, 0.361673284089193, 1, 
0.968295682687312, 0.699862296693027, 0.86725571914576, 0.554290670435876, 
0.167970431270078, 1, 0.471379997674376, 0.585786042967811, 0.557775241089985, 
0.448999037500471, 0.0516409473493695, 1, 0.453141203848645, 
0.367970893858001, 0.0721356403082609, 0.37122485623695, 0.287698337109759, 
1, 0.345523966476321, 0.48119719629176, 0.307782686082646, 0.356754133012146, 
0.497263342840597, 1, 0.409735465189442, 0.48212090600282, 0.712434664834291, 
0.745331702753901, 0.816378377145156, 1, 0.831662762211636, 0.55455713137053, 
0.691838594386354, 0.293036317452788, 0.0115217671263963, 1, 
0.0315510442014784, 0.660736901685596, 0.975125651108101, 0.908013488631696, 
0.816108555765823, 1, 0.631843710783869, 0.408482760656625, 0.951598545070738, 
0.928608402842656, 0.884635489201173, 1, 0.302669889759272, 0.0235643927007914, 
0.210058314260095, 0.0469870439264923, 0.532939127646387, 1, 
0.0107429241761565, 0.053580877603963, 0.145400857552886, 0.313493282999843, 
0.455617762170732, 1, 0.244686483638361, 0.589997261762619, 0.233473979867995, 
0.0850451334845275, 0.00784444995224476, 1, 0.0154307407792658, 
0.807941535487771, 0.931465139146894, 0.288636468583718, 0.574473486980423, 
1, 0.100127175683156, 0.786236495710909, 0.64373190770857, 0.0201977416872978, 
0.00609744363464415, 1, 0.00494975969195366, 0.838264619931579, 
0.776222807820886, 0.468568719457835, 0.381621776847169, 1, 0.773482167860493, 
0.231812037993222, 0.797244153218344, 0.362033559707925, 0.200313366483897, 
1, 0.9182958828751, 0.840634833555669, 0.781292517203838, 0.775861042784527, 
0.906382392859086, 1, 0.698500156169757, 0.248057051096112, 0.977994893444702, 
0.943362079560757, 0.122572054853663, 1, 0.0903784695547074, 
0.364195899805054, 0.228516329312697, 0.288398401811719, 0.639552045613527, 
1, 0.606301727006212, 0.589042427949607, 0.649385845987126, 0.276247406145558, 
0.276767135364935, 1, 0.74947606632486, 0.521912486525252, 0.97640734910965, 
0.48140374571085, 0.352783447131515, 1, 0.667596879648045, 0.605755942873657, 
0.208896889118478, 0.291848899563774, 0.112879639025778, 1, 0.814354500966147, 
0.241804712451994, 0.28445707494393, 0.355528401676565, 0.211297346744686, 
1, 0.24509216658771, 0.496916900156066, 0.576954704709351, 0.0871739631984383, 
0.290397132746875, 1, 0.549208840122446, 0.782171283150092, 0.0300759319216013, 
0.129801468458027, 0.40403771889396, 1, 0.639115135185421, 0.404170637251809, 
0.145257032942027, 0.59472645050846, 0.0495986365713179, 1, 0.197440873133019, 
0.516968976240605, 0.961157785961404, 0.797203974798322, 0.824737852904946, 
1, 0.571621541632339, 0.314192029414698, 0.604519874788821, 0.976567768724635, 
0.304562855046242, 1, 0.570508008589968, 0.178843965288252, 0.273226200137287, 
0.303227075841278, 0.69697619555518, 1, 0.0598723201546818, 0.625594816170633, 
0.891061380971223, 0.610064043430611, 0.21974054723978, 1, 0.203754210611805, 
0.644135306589305, 0.387599007925019, 0.957749438472092, 0.14185864222236, 
1, 0.189777868101373, 0.198563254438341, 0.457117702579126, 0.485053917393088, 
0.589624657528475, 1, 0.509933533379808, 0.160479124868289, 0.225637468043715, 
0.268436650978401, 0.218743999721482, 1, 0.548011272912845, 0.782486303476617, 
0.313095569377765, 0.560448949225247, 0.0748282424174249, 1, 
0.381062988424674, 0.451739442069083, 0.0912167341448367, 0.645188862923533, 
0.876854450907558, 1, 0.422820837702602, 0.560954245273024, 0.127574081299827, 
0.333005967084318, 0.473000534344465, 1, 0.761021247366443, 0.852027918910608, 
0.724198816111311, 0.910580414813012, 0.971638849936426, 1, 0.167031438322738, 
0.0812734221108258, 0.396417879033834, 0.527860156958923, 0.750206525204703, 
1, 0.553571406053379, 0.549512066179886, 0.689395161345601, 0.661527714924887, 
0.0187856904231012, 1, 0.827822437742725, 0.0926547434646636, 
0.337067069252953, 0.937082809163257, 0.38373228861019, 1, 0.524490162730217, 
0.716369793051854, 0.197877254104242, 0.601050881203264, 0.682212497573346, 
1, 0.393880813848227, 0.355622864095494, 0.00815297244116664, 
0.355391458375379, 0.598513851640746, 1, 0.598989298800007, 0.131081571104005, 
0.144873878220096, 0.489565750584006, 0.476570694707334, 1, 0.566483448958024, 
0.365783702582121, 0.769715033238754, 0.799984080716968, 0.214897164842114, 
1, 0.351222868775949, 0.567503506550565, 0.925722300540656, 0.478883461095393, 
0.702371077612042, 1, 0.961027742363513, 0.494147494668141, 0.734508762834594, 
0.920088989892974, 0.0623867029789835, 1, 0.612582481466234, 
0.477126070298254, 0.15107607934624, 0.394076804397628, 0.439519807696342, 
1, 0.964568861760199, 0.618295724969357, 0.407828802010044, 0.414740463718772, 
0.0849274036008865, 1, 0.609387191943824, 0.45167375006713, 0.0787993920966983, 
0.635133544914424, 0.0626552067697048, 1, 0.0670580053701997, 
0.186460641678423, 0.97967526386492, 0.0217437264509499, 0.0179870126303285, 
1, 0.286464143544436, 0.650979631580412, 0.161081827478483, 0.0581183584872633, 
0.821722256951034, 1, 0.568617961369455, 0.360552402446046, 0.319027535617352, 
0.159910197369754, 0.033501273021102, 1, 0.71812515379861, 0.813587110955268, 
0.363209764938802, 0.281813726527616, 0.952069883001968, 1, 0.178070506546646, 
0.120464202249423, 0.520157384919003, 0.503206810215488, 0.643721997272223, 
1, 0.271436656359583, 0.834892211714759, 0.546076376689598, 0.0433809456881136, 
0.826186293037608, 1, 0.46908619813621, 0.618081387365237, 0.344233914744109, 
0.106451696250588, 0.928422491531819, 1, 0.673961791675538, 0.355315550696105, 
0.364629160379991, 0.0496319078374654, 0.120776486583054, 1, 
0.898334476631135, 0.0920604318380356, 0.151511119212955, 0.190696258563548, 
0.978293941356242, 1, 0.0648401030339301, 0.195940614445135, 
0.585628116270527, 0.242062139557675, 0.805619680555537, 1, 0.93822707911022, 
0.699478316819295, 0.103048147400841, 0.672546001151204, 0.684934687102214, 
1, 0.676247719442472, 0.918158731423318, 0.422992513282225, 0.564729784149677, 
0.43549416703172, 1, 0.295322162797675, 0.954403846291825, 0.876603259472176, 
0.347526341909543, 0.236892750486732, 1, 0.911391710164025, 0.961432549869642, 
0.589014037279412, 0.911308692302555, 0.719617557479069, 1, 0.887444339692593, 
0.302356155356392, 0.26246823836118, 0.0495494864881039, 0.440496314084157, 
1, 0.856435036985204, 0.275725092738867, 0.274547117063776, 0.895290139596909, 
0.324052680516616, 1, 0.240876564756036, 0.531678141327575, 0.608922484563664, 
0.572061572689563, 0.0662533398717642, 1, 0.186257131164894, 
0.403855379670858, 0.530621834797785, 0.10787217086181, 0.174780668690801, 
1, 0.404146570712328, 0.799255267716944, 0.857557115377858, 0.269396089948714, 
0.475215554237366, 1, 0.774695535656065, 0.811124183237553, 0.403494510799646, 
0.646651045419276, 0.489571570651606, 1, 0.675765244290233, 0.690039343433455, 
0.0529118068516254, 0.844996261643246, 0.0617597962263972, 1, 
0.423147393390536, 0.0506386591587216, 0.816365144448355, 0.646875979378819, 
0.99565454875119, 1, 0.0138264880515635, 0.48064747499302, 0.0697498717345297, 
0.225465597352013, 0.751183868851513, 1, 0.406501741614193, 0.0134859043173492, 
0.670797090278938, 0.572200533235446, 0.970486052334309, 1, 0.415964055107906, 
0.907617209712043, 0.616841387702152, 0.577955009182915, 0.61991718201898, 
1, 0.946705364855006, 0.305524956434965, 0.0442533290479332, 
0.990913131274283, 0.353871054248884, 1, 0.847542067058384, 0.427940425463021, 
0.75760112516582, 0.232053235871717, 0.341518218163401, 1, 0.953549151076004, 
0.971531416056678, 0.808695896761492, 0.393038388807327, 0.816188302822411, 
1, 0.896599050844088, 0.586871604435146, 0.0830515648704022, 
0.032018531113863, 0.723914023954421, 1, 0.754067689180374, 0.686664887005463, 
0.403782276902348, 0.0938199711963534, 0.991105705499649, 1, 
0.819230140186846, 0.363505386048928, 0.141245822422206, 0.120922629022971, 
0.764012815896422, 1, 0.774398106150329, 0.832534818910062, 0.508566959993914, 
0.556813984643668, 0.446873100940138, 1, 0.138159787748009, 0.679234415525571, 
0.394521900452673, 0.241460403427482, 0.878335423767567, 1, 0.749101679306477, 
0.28719443990849, 0.697729258798063, 0.506033257581294, 0.586706184083596, 
1, 0.864681440172717, 0.998383165802807, 0.743465495528653, 0.0735478771384805, 
0.706237875157967, 1, 0.0517904453445226, 0.852850323542953, 
0.466740656411275, 0.0298222173005342, 0.473255577264354, 1, 
0.685440891422331, 0.163846685318276, 0.124123709043488, 0.612704959698021, 
0.471387827536091, 1, 0.835152673069388, 0.551902032224461, 0.971862006234005, 
0.888029915047809, 0.126287975814193, 1, 0.621095991227776, 0.643863297533244, 
0.237803116440773, 0.0993420614395291, 0.27953846892342, 1, 0.0954298451542854, 
0.839529050514102, 0.0365635452326387, 0.946049704216421, 0.811861542053521, 
1, 0.203127543674782, 0.356542149791494, 0.280746209900826, 0.350518140709028, 
0.290406343061477, 1, 0.521170296473429, 0.662511938251555, 0.81267438782379, 
0.413131243549287, 0.93814152199775, 1, 0.314795005368069, 0.364604293834418, 
0.116130741080269, 0.824198178946972, 0.0742592469323426, 1, 
0.791714062448591, 0.0259358575567603, 0.879206701181829, 0.620256353635341, 
0.601840988267213, 1, 0.208340386627242, 0.797625506529585, 0.776526673231274, 
0.814044209429994, 0.142421388765797, 1, 0.119820634601638, 0.880430666962638, 
0.432506132638082, 0.411536610452458, 0.968549383571371, 1, 0.983486736193299, 
0.423796306364238, 0.284240673296154, 0.512617470696568, 0.713673528749496, 
1, 0.579768168274313, 0.622926308074966, 0.52663827710785, 0.0656914887949824, 
0.113091705134138, 1, 0.266358189983293, 0.767102231038734, 0.652691239956766, 
0.470462381374091, 0.028529014904052, 1, 0.38037728285417, 0.25674152513966, 
0.80398610769771, 0.751610809238628, 0.654290654929355, 1, 0.0389625465031713, 
0.380260221892968, 0.568445090204477, 0.754074059892446, 0.822044363478199, 
1, 0.958996925968677, 0.85727266734466, 0.199513644445688, 0.203746780054644, 
0.54821183369495, 1, 0.721001941245049, 0.732290158281103, 0.0042556778062135, 
0.0320700113661587, 0.602253578603268, 1, 0.123299876693636, 
0.520329191815108, 0.895012767752632, 0.387322800466791, 0.702406993601471, 
1, 0.625757087953389, 0.356276921927929, 0.884118539048359, 0.359732431359589, 
0.743146335938945, 1, 0.909584488952532, 0.23425565008074, 0.564676079433411, 
0.00387418107129633, 0.860969125991687, 1, 0.466344431508332, 
0.756380265345797, 0.829700911417603, 0.518110741861165, 0.513680439908057, 
1, 0.973620126256719, 0.836831567576155, 0.0703461267985404, 
0.18575535248965, 0.512818480143324, 1, 0.180452638538554, 0.0496344326529652, 
0.0542323996778578, 0.229671703651547, 0.300568459788337, 1, 
0.756687355227768, 0.585598208475858, 0.611565237399191, 0.449892405653372, 
0.176521906862035, 1, 0.808658435242251, 0.190878432476893, 0.244396205758676, 
0.495767582207918, 0.705177255440503, 1, 0.829353709705174, 0.22235964355059, 
0.689449955709279, 0.986608663573861, 0.864835498621687, 1, 0.828692057868466, 
0.195392102235928, 0.40005240868777, 0.180644722422585, 0.775717058219016, 
1, 0.96623671380803, 0.753124142531306, 0.667285202303901, 0.400590640027076, 
0.373523548478261, 1, 0.306176329730079, 0.371206026291475, 0.0503800343722105, 
0.97062623500824, 0.576242121402174, 1, 0.595765237929299, 0.184567585587502, 
0.979751698672771, 0.115419904468581, 0.215517579112202, 1, 0.947148818755522, 
0.751249314751476, 0.309453617781401, 0.965858793817461, 0.89904433931224, 
1, 0.601655913516879, 0.10869925422594, 0.490654801018536, 0.219833126524463, 
0.554899696726352, 1, 0.462933968752623, 0.715432626195252, 0.354568224865943, 
0.705241934396327, 0.340583435958251, 1, 0.000826425850391388, 
0.0931484326720238, 0.174151886254549, 0.755790672497824, 0.369775084313005, 
1, 0.410739407641813, 0.471902581397444, 0.206869496963918, 0.533868172904477, 
0.498569590039551, 1, 0.94895230140537, 0.995646829484031, 0.745223543839529, 
0.123412573942915, 0.720408246386796, 1, 0.753797768382356, 0.0865273689851165, 
0.141410826938227, 0.383189952932298, 0.631920555606484, 1, 0.0207170182839036, 
0.804679551161826, 0.374681498622522, 0.686274078441784, 0.487313781166449, 
1, 0.426905038068071, 0.639732832321897, 0.315259809838608, 0.0539131702389568, 
0.212804189883173, 1, 0.944925123360008, 0.615866749547422, 0.80046492186375, 
0.982789717847481, 0.45563628221862, 1, 0.5734829059802, 0.962013592245057, 
0.0450205351226032, 0.793751372955739, 0.562965854071081, 1, 
0.389380998210981, 0.691782357171178, 0.444926454219967, 0.226121452869847, 
0.532983387121931, 1, 0.798259328585118, 0.710093951085582, 0.72882243571803, 
0.299439954571426, 0.812942899065092, 1, 0.397459812695161, 0.552846552571282, 
0.827457108767703, 0.167757749091834, 0.160402330569923, 1, 0.500739816110581, 
0.745452809846029, 0.994267033645883, 0.177120640175417, 0.561977533157915, 
1, 0.184341434622183, 0.791000055614859, 0.614876065170392, 0.497638473287225, 
0.738340094918385, 1, 0.249070403631777, 0.999063998227939, 0.959918568842113, 
0.13431830261834, 0.902218999806792, 1, 0.588721355656162, 0.874382553622127, 
0.354364264756441, 0.441687934566289, 0.58758255164139, 1, 0.64419055217877, 
0.356069212080911, 0.794905181508511, 0.304442126303911, 0.736320953350514, 
1, 0.00000642845407128334, 0.964796852553263, 0.630253275856376, 
0.483965187100694, 0.180672635789961, 1, 0.850909763714299, 0.684415557887405, 
0.673051315359771, 0.759283982217312, 0.393810644280165, 1, 0.909496221458539, 
0.889527215855196, 0.279500414151698, 0.33006275864318, 0.490599950775504, 
1, 0.926783595001325, 0.820570627693087, 0.374911770690233, 0.839535017265007, 
0.424131525447592, 1, 0.411542370682582, 0.777699965983629, 0.582941686734557, 
0.118881569709629, 0.389669907279313, 1, 0.823070649756119, 0.135233874665573, 
0.962489612167701, 0.119710364378989, 0.318962908117101, 1, 0.00635891943238676, 
0.562749927630648, 0.602585612796247, 0.0199053636752069, 0.654671152122319, 
1, 0.471745933406055, 0.443362914957106, 0.781453286996111, 0.245981385931373, 
0.839203387498856, 1, 0.475937379291281, 0.103573358617723, 0.332376392791048, 
0.0791642901021987, 0.718876575352624, 1, 0.189462017966434, 
0.738085901131853, 0.934836867963895, 0.29934187582694, 0.412505848100409, 
1, 0.343894152902067, 0.902109985705465, 0.909308840986341, 0.0551186734810472, 
0.695713812950999, 1, 0.715413650730625, 0.0972956013865769, 
0.0277430964633822, 0.78119286801666, 0.942424951121211, 1, 0.199264730094001, 
0.778901972807944, 0.78294824436307, 0.457668123533949, 0.997340736910701, 
1, 0.0301236149389297, 0.8883250458166, 0.0409757129382342, 0.179409439908341, 
0.4528685931582, 1, 0.211330384248868, 0.11923580057919, 0.857284246943891, 
0.901569837937132, 0.138997326605022, 1, 0.516522065270692, 0.0120632504113019, 
0.462751988088712, 0.541378821479157, 0.035547740990296, 1, 0.404738903976977, 
0.25471815164201, 0.649464627495036, 0.597459875978529, 0.252173898043111, 
1, 0.918158345390111, 0.0288726612925529, 0.307259627617896, 
0.570175074506551, 0.375249342760071, 1, 0.129679872887209, 0.707308042794466, 
0.212790026562288, 0.267871170071885, 0.947078492725268, 1, 0.599639936583117, 
0.926631740294397, 0.975190546829253, 0.519003728870302, 0.468319552019238, 
1, 0.64421925181523, 0.523797060130164, 0.948238995159045, 0.00403794669546187, 
0.201033678138629, 1, 0.841715612914413, 0.594257949851453, 0.650856066262349, 
0.361422776477411, 0.562050403794274, 1, 0.536866072099656, 0.313193993642926, 
0.544433162547648, 0.297491461038589, 0.381990513764322, 1, 0.507762020453811, 
0.766500265337527, 0.450925870565698, 0.711743607185781, 0.747891442850232, 
1, 0.517902089515701, 0.819981618318707, 0.491061403881758, 0.205125912791118, 
0.0396764862816781, 1, 0.0155530616175383, 0.595695710042492, 
0.116662826389074, 0.77666680328548, 0.666614430490881, 1, 0.522938493173569, 
0.883158422075212, 0.283888662233949, 0.152857082663104, 0.172368488041684, 
1, 0.338294626446441, 0.704179916065186, 0.582856430206448, 0.127367462730035, 
0.245929332915694, 1, 0.454274247167632, 0.81013283575885, 0.419309887569398, 
0.70789360976778, 0.190984822576866, 1, 0.0362744820304215, 0.860864639515057, 
0.960392882116139, 0.0287447494920343, 0.379041747190058, 1, 
0.741152052069083, 0.54466551518999, 0.732021352509037, 0.551103746285662, 
0.857108368305489, 1, 0.690966594731435, 0.648348226910457, 0.382096969988197, 
0.048572956584394, 0.148810131009668, 1, 0.3210145868361, 0.721971548395231, 
0.0178908719681203, 0.000806077383458614, 0.774228125577793, 
1, 0.394262643530965, 0.482805423438549, 0.783315537730232, 0.870820150477812, 
0.572492670500651, 1, 0.303481434471905, 0.100282553117722, 0.759597094031051, 
0.660517126088962, 0.753685134928674, 1, 0.503449961775914, 0.709470457863063, 
0.473715914180502, 0.919258003355935, 0.211174673866481, 1, 0.0107483086176217, 
0.472862180322409, 0.871555364690721, 0.854564260924235, 0.954436676111072, 
1, 0.423672286095098, 0.910582502372563, 0.185931174317375, 0.758260600268841, 
0.916143054608256, 1, 0.0659773205406964, 0.10391296306625, 0.640591560630128, 
0.873194756684825, 0.252851247554645, 1, 0.528336184797809, 0.618673851480708, 
0.756573477294296, 0.442184038460255, 0.801283985842019, 1, 0.270221630576998, 
0.994419829221442, 0.990394555032253, 0.359507019864395, 0.210053729591891, 
1, 0.19931705459021, 0.311091278214008, 0.3431876830291, 0.703025310765952, 
0.0346067799255252, 1, 0.544089937582612, 0.684396623168141, 
0.418104153126478, 0.886905597988516, 0.176972816931084, 1, 0.287844713311642, 
0.486189815448597, 0.959660000866279, 0.720750494860113, 0.488175941165537, 
1, 0.789436440914869, 0.314718161709607, 0.0915203744079918, 
0.449285266688094, 0.0212740823626518, 1, 0.00285482639446855, 
0.239901463268325, 0.697874403558671, 0.0689949691295624, 0.576338905375451, 
1, 0.159462078474462, 0.605724439956248, 0.716563468100503, 0.376547527965158, 
0.957630065036938, 1, 0.973318594275042, 0.204921029973775, 0.137357746716589, 
0.862063340377063, 0.102614826057106, 1, 0.459815579466522, 0.323577765608206, 
0.877655803691596, 0.834807916544378, 0.751112031750381, 1, 0.566550724906847, 
0.242468481417745, 0.524357223883271, 0.37424310320057, 0.993052464909852, 
1, 0.0265579361002892, 0.960063378792256, 0.346332431538031, 
0.360859251581132, 0.383274021325633, 1, 0.643901023082435, 0.812844588654116, 
0.886441641254351, 0.382428030250594, 0.963959908811375, 1, 0.760587779805064, 
0.334968616021797, 0.657579729100689, 0.533012513071299, 0.140081992838532, 
1, 0.620094761950895, 0.0978067794349045, 0.768881939118728, 
0.8997040996328, 0.497231641085818, 1, 0.389950399054214, 0.543366860365495, 
0.878022035583854, 0.440946247894317, 0.0885791073087603, 1, 
0.714020121609792, 0.292826026212424, 0.591743477620184, 0.796515541151166, 
0.945854178629816, 1, 0.929649179568514, 0.882087490754202, 0.839876973768696, 
0.461536870338023, 0.728523898636922, 1, 0.967161529697478, 0.270482799969614, 
0.856676398776472, 0.695618828991428, 0.505407272139564, 1, 0.232007352169603, 
0.261834716191515, 0.703742209589109, 0.673630434786901, 0.22282298328355, 
1, 0.847491215681657, 0.00208404147997499, 0.695898001780733, 
0.162793029332533, 0.406636090716347, 1, 0.102309694513679, 0.931047392310575, 
0.827814264688641, 0.802756292745471, 0.157476975349709, 1, 0.636243392014876, 
0.0879474536050111, 0.451291625853628, 0.799856461118907, 0.669552565086633, 
1, 0.913114636437967, 0.423336109379306, 0.530372445471585, 0.108487672172487, 
0.857372591271996, 1, 0.175782931037247, 0.158176373457536, 0.567804135847837, 
0.408041453920305, 0.148921696934849, 1, 0.865137695800513, 0.989289541030303, 
0.735628646332771, 0.636880156816915, 0.112508547492325, 1, 0.565876417327672, 
0.116269384510815, 0.844065815210342, 0.614509420935065, 0.116795274661854, 
1, 0.740713077131659, 0.818631801055744, 0.595583682646975, 0.482677543302998, 
0.272717700805515, 1, 0.205832459032536, 0.474331297213212, 0.0143325659446418, 
0.822068113600835, 0.1192082145717, 1, 0.666897804476321, 0.27507817116566, 
0.888030403759331, 0.534712423570454, 0.0182614782825112, 1, 
0.23484083940275, 0.0725511598866433, 0.732181580737233, 0.0311141761485487, 
0.188202388351783, 1, 0.298631620127708, 0.896095735719427, 0.691730877617374, 
0.985890014329925, 0.702620700234547, 1, 0.952466634102166, 0.67163117043674, 
0.76458378881216, 0.941639971919358, 0.703165019862354, 1, 0.691996022360399, 
0.343158249743283, 0.173158726189286, 0.748572250362486, 0.440882526803762, 
1, 0.444186249980703, 0.971331307664514, 0.470789872342721, 0.875455476110801, 
0.426562491105869, 1, 0.31275679753162, 0.227635667659342, 0.974070393713191, 
0.827618760988116, 0.24378390959464, 1, 0.928341811290011, 0.849991343682632, 
0.0832839568611234, 0.342061033472419, 0.266274445923045, 1, 
0.721227666828781, 0.346697372151539, 0.558882595505565, 0.243342279689386, 
0.956414948916063, 1, 0.0411804509349167, 0.914075809763744, 
0.152640640735626, 0.456245588837191, 0.477150065824389, 1, 0.315342757850885, 
0.100966636789963, 0.886389819672331, 0.993215250084177, 0.470066696871072, 
1, 0.949932956602424, 0.691983215510845, 0.429261752404273, 0.0156963518820703, 
0.693229798460379, 1, 0.262613006867468, 0.810914906905964, 0.787434701574966, 
0.884297183016315, 0.89943132083863, 1, 0.455915953498334, 0.223109025740996, 
0.630551914684474, 0.524981564609334, 0.572100858436897, 1, 0.531720573781058, 
0.31823742412962, 0.618095559533685, 0.282228181604296, 0.851633398327976, 
1, 0.724283285439014, 0.275612230645493, 0.89517733710818, 0.575156394392252, 
0.90026172157377, 1, 0.0906228870153427, 0.0693376457784325, 
0.364790789783001, 0.188924098853022, 0.53560224827379, 1, 0.942413787124678, 
0.521246488438919, 0.867451743688434, 0.68686741264537, 0.616833633277565, 
1, 0.785431164316833, 0.752804295858368, 0.786001187749207, 0.172313010320067, 
0.26630674675107, 1, 0.84489407739602, 0.8134922219906, 0.389244502410293, 
0.796181591693312, 0.885188397252932, 1, 0.205272477818653, 0.623564144130796, 
0.774119816021994, 0.573682047659531, 0.217495127813891, 1, 0.0727686735335737, 
0.980613151099533, 0.388133038999513, 0.21019061235711, 0.515335410367697, 
1, 0.13531749160029, 0.596898826770484, 0.121073061367497, 0.0971992567647249, 
0.295132227474824, 1, 0.294043279020116, 0.227151354309171, 0.246204474009573, 
0.953464374411851, 0.545411635190248, 1, 0.657489200355485, 0.671522384043783, 
0.87135165464133, 0.599034056067467, 0.0325884907506406, 1, 0.985915055731311, 
0.262600514339283, 0.0954411791171879, 0.841901389649138, 0.370047893142328, 
1, 0.316504421411082, 0.532326196553186, 0.0206392449326813, 
0.941670030355453, 0.0584886979777366, 1, 0.73179350537248, 0.790254186140373, 
0.964652741560712, 0.609799022786319, 0.712228124728426, 1, 0.458743487251922, 
0.474069609772414, 0.300492654787377, 0.02845015283674, 0.527755805989727, 
1, 0.0420426002237946, 0.974775737151504, 0.620716265402734, 
0.370129831600934, 0.198566389037296, 1, 0.123775323852897, 0.363029846455902, 
0.0813034444581717, 0.187790560070425, 0.727589715737849, 1, 
0.624487662222236, 0.352328973123804, 0.272152305347845, 0.370760579360649, 
0.550045002950355, 1, 0.926443328382447, 0.464158481685445, 0.323584239929914, 
0.0724840639159083, 0.711796432035044, 1, 0.689572233473882, 
0.497474489733577, 0.290190706960857, 0.620970444520935, 0.676965363556519, 
1, 0.0641531751025468, 0.245259519666433, 0.461663328111172, 
0.00335002830252051, 0.490705302450806, 1, 0.409421442542225, 
0.36484859441407, 0.494044370716438, 0.87111139157787, 0.811887566233054, 
1, 0.510245654731989, 0.988335419213399, 0.774768122006208, 0.772105478215963, 
0.743976190453395, 1, 0.97775559918955, 0.863289104541764, 0.317511710803956, 
0.0198919556569308, 0.232371322344989, 1, 0.786652288399637, 
0.926275104982778, 0.142126323189586, 0.820662128273398, 0.43938266299665, 
1, 0.853147369576618, 0.547878586687148, 0.655435549560934, 0.969723477959633, 
0.038551279110834, 1, 0.331712177721784, 0.409808296710253, 0.529581953771412, 
0.48971265507862, 0.277581995585933, 1, 0.98299355385825, 0.0349945384077728, 
0.56031328253448, 0.335442459443584, 0.926879593636841, 1, 0.393912390107289, 
0.495800925884396, 0.784916418138891, 0.551482535200194, 0.33675695117563, 
1, 0.182912011165172, 0.698271067114547, 0.37285781558603, 0.000682445708662271, 
0.562084406381473, 1, 0.00295764370821416, 0.204475414939225, 
0.0496860595885664, 0.973146078409627, 0.594901911914349, 1, 
0.363661299459636, 0.46018719417043, 0.418960413197055, 0.580603934125975, 
0.257806869922206, 1, 0.397931912681088, 0.328436801908538, 0.238539286423475, 
0.302645096555352, 0.00616324786096811, 1, 0.449851169018075, 
0.724495495203882, 0.873603429878131, 0.0943296409677714, 0.760616806335747, 
1, 0.619739610468969, 0.474859362002462, 0.57495367131196, 0.686891398625448, 
0.11808814574033, 1, 0.119807492941618, 0.647238496923819, 0.596374448621646, 
0.931292801396921, 0.337154022417963, 1, 0.854786929208785, 0.937624438200146, 
0.775974926073104, 0.610157100949436, 0.15631057950668, 1, 0.775904281297699, 
0.398379195248708, 0.871642159763724, 0.326209857594222, 0.93826414225623, 
1, 0.819788327207789, 0.404908459633589, 0.245056234998628, 0.246559754945338, 
0.652111653005704, 1, 0.720561331370845, 0.869614447234198, 0.390367138432339, 
0.377567227464169, 0.0988096899818629, 1, 0.922841538442299, 
0.82911058049649, 0.914641279028729, 0.622887396486476, 0.440546273253858, 
1, 0.707317410735413, 0.338668316835538, 0.0701897814869881, 
0.527278530178592, 0.704254662618041, 1, 0.904354104539379, 0.913849508389831, 
0.989405362168327, 0.324028333416209, 0.508139532292262, 1, 0.927189569687471, 
0.199647416360676, 0.476420165970922, 0.332101668929681, 0.493727395543829, 
1, 0.360801947070286, 0.249312408966944, 0.245345735689625, 0.233550566947088, 
0.410172051517293, 1, 0.162560960277915, 0.151838030666113, 0.744268494891003, 
0.463224327424541, 0.456427501980215, 1, 0.669811707688496, 0.0904900627210736, 
0.503667076816782, 0.775950660696253, 0.499262734083459, 1, 0.838464108528569, 
0.806699388893321, 0.00482274871319532, 0.152775664813817, 0.0288851638324559, 
1, 0.41663503786549, 0.282555086072534, 0.00464498251676559, 
0.192534710979089, 0.334900313755497, 1, 0.944905015174299, 0.0903855480719358, 
0.295729168690741, 0.7541466683615, 0.0319004675839096, 1, 0.25876883068122, 
0.370169736910611, 0.780258353799582, 0.982272369088605, 0.12780328374356, 
1, 0.522417758125812, 0.496522874571383, 0.464624749496579, 0.453637737780809, 
0.362099503166974, 1, 0.253642356488854, 0.56480641500093, 0.842258097371086, 
0.905650714179501, 0.80690235318616, 1, 0.57960995961912, 0.710795556427911, 
0.527138076722622, 0.412142583634704, 0.0134916955139488, 1, 
0.199083489365876, 0.371310587739572, 0.68777562584728, 0.76456534746103, 
0.598745239432901, 1, 0.749053775332868, 0.331872975453734, 0.206134667852893, 
0.00184202822856605, 0.0946748568676412, 1, 0.388066985178739, 
0.0035725156776607, 0.684933158103377, 0.0854217994492501, 0.32714113779366, 
1, 0.898905020672828, 0.861699854256585, 0.789315126603469, 0.546857109759003, 
0.539849073626101, 1, 0.783758236560971, 0.100993963424116, 0.315771936206147, 
0.435043821344152, 0.448589018778875, 1, 0.911352047231048, 0.704412385821342, 
0.552906545577571, 0.978753720177338, 0.559134374372661, 1, 0.255413288017735, 
0.61947680125013, 0.218094918411225, 0.729824349284172, 0.704746068455279, 
1, 0.317291838582605, 0.30579059291631, 0.474117576610297, 0.526838310528547, 
0.460268486756831, 1, 0.903061916818842, 0.404785664519295, 0.957675968529657, 
0.49533262103796, 0.474150000838563, 1, 0.929258062038571, 0.32017604727298, 
0.589259265223518, 0.0292710748035461, 0.545323724625632, 1, 
0.221851052716374, 0.165877013700083, 0.57978541450575, 0.455125764245167, 
0.194102682173252, 1, 0.296830682083964, 0.818374612368643, 0.51074451347813, 
0.328900400549173, 0.179773468989879, 1, 0.0593538032844663, 
0.725858541671187, 0.844051656546071, 0.674414868466556, 0.932338050100952, 
1, 0.998933227732778, 0.901136544300243, 0.891707709059119, 0.0570375076495111, 
0.810156881809235, 1, 0.540156461996958, 0.601408235030249, 0.967430741060525, 
0.779080994892865, 0.45329267042689, 1, 0.0464150418993086, 0.0472947072703391, 
0.370706906076521, 0.643733779434115, 0.233781529590487, 1, 0.857333390740678, 
0.182405239902437, 0.390286573208869, 0.44235423207283, 0.808950815582648, 
1, 0.414687891257927, 0.812586524756625, 0.480657266220078, 0.420157928718254, 
0.099515096982941, 1, 0.333485572598875, 0.701319117797539, 0.690317462896928, 
0.187496296362951, 0.572669098619372, 1, 0.853578866459429, 0.0620135292410851, 
0.103848299942911, 0.218143336940557, 0.90866583888419, 1, 0.696195084601641, 
0.999344114214182, 0.496523030567914, 0.457743925740942, 0.573577250819653, 
1, 0.555561034241691, 0.34008318814449, 0.0630972133949399, 0.941417508525774, 
0.196319888578728, 1, 0.85165006085299, 0.809343886328861, 0.205735840369016, 
0.193732499610633, 0.669828325510025, 1, 0.0533384603913873, 
0.478126292349771, 0.688120188657194, 0.336209996370599, 0.014357887674123, 
1, 0.008186538470909, 0.285602007759735, 0.490103291813284, 0.406589688966051, 
0.87220286205411, 1, 0.251259496668354, 0.455585774732754, 0.83103488641791, 
0.991736323107034, 0.579561822582036, 1, 0.0655422310810536, 
0.556671033147722, 0.175194976152852, 0.287496047560126, 0.635259322822094, 
1, 0.266445216722786, 0.450863852631301, 0.247729033697397, 0.00177153316326439, 
0.596932924585417, 1, 0.321236103074625, 0.503095731604844, 0.0892940568737686, 
0.972616784274578, 0.475529168732464, 1, 0.643298752140254, 0.322889553848654, 
0.323285933583975, 0.761596662923694, 0.574692788999528, 1, 0.409724995726719, 
0.296976702287793, 0.0987141942605376, 0.143784618703648, 0.256385192275047, 
1, 0.983154666377231, 0.277810161234811, 0.889292350038886, 0.80225008004345, 
0.570718125905842, 1, 0.853649601107463, 0.230218833545223, 0.6139566230122, 
0.45443240692839, 0.213317534187809, 1, 0.00298849702812731, 
0.386176573112607, 0.267900850856677, 0.196723357308656, 0.731980271171778, 
1, 0.90398050006479, 0.846397805260494, 0.695856607751921, 0.298532638000324, 
0.650776197202504, 1, 0.30051654134877, 0.492039528442547, 0.0697690332308412, 
0.138208255637437, 0.843901474960148, 1, 0.102392768952996, 0.117799556348473, 
0.575771965552121, 0.811188523191959, 0.912316592410207, 1, 0.5806438063737, 
0.533787021413445, 0.343377111945301, 0.0796250158455223, 0.704997634282336, 
1, 0.418949927669019, 0.889059268403798, 0.101972009055316, 0.864347164286301, 
0.729537456762046, 1, 0.258353545330465, 0.47155534545891, 0.843626497779042, 
0.118050951277837, 0.76718328637071, 1, 0.935842471662909, 0.835397392977029, 
0.251329259946942, 0.284994340268895, 0.839043900137767, 1, 0.0763272170443088, 
0.850586465094239, 0.45934623805806, 0.741921693552285, 0.414558806223795, 
1, 0.896427825558931, 0.154693860094994, 0.314246414229274, 0.90581560251303, 
0.349161668913439, 1, 0.206720029469579, 0.442997992271557, 0.740080857882276, 
0.659514216706157, 0.201383537612855, 1, 0.622986894566566, 0.565464639337733, 
0.46454388066195, 0.205070415744558, 0.738442774163559, 1, 0.175901067908853, 
0.0405774521641433, 0.636933678761125, 0.301329455338418, 0.551821804838255, 
1, 0.0299020463135093, 0.138502000831068, 0.718512449180707, 
0.817389806499705, 0.840595678891987, 1, 0.145304876379669, 0.736384014133364, 
0.689668187173083, 0.511328876018524, 0.937926710117608, 1, 0.168912880821154, 
0.0999453843105584, 0.361170183401555, 0.756665381137282, 0.335167769575492, 
1, 0.68235676898621, 0.654838374117389, 0.566020512487739, 0.839354157214984, 
0.158049321500584, 1, 0.69974477798678, 0.394806933123618, 0.8859843313694, 
0.402590760262683, 0.772128495154902, 1, 0.340963838389143, 0.545062613673508, 
0.0791937690228224, 0.264415490208194, 0.400179277407005, 1, 
0.973312031012028, 0.0246987794525921, 0.530026227468625, 0.757714320905507, 
0.808342108037323, 1, 0.115898443153128, 0.605813895817846, 0.981542446184903, 
0.160536003066227, 0.810742901172489, 1, 0.296570576960221, 0.0263471428770572, 
0.879045060370117, 0.334536486072466, 0.963809551438317, 1, 0.716889807488769, 
0.628245573723689, 0.90553223202005, 0.402206344529986, 0.347388692898676, 
1, 0.371728987898678, 0.6381873160135, 0.589395696762949, 0.456993677420542, 
0.72971101780422, 1, 0.161655585514382, 0.149261078797281, 0.288064369000494, 
0.779550544917583, 0.660919159650803, 1, 0.572208625962958, 0.360942744882777, 
0.388981551630422, 0.000934060197323561, 0.314114805776626, 1, 
0.212676317431033, 0.588193065021187, 0.370831826003268, 0.849386821733788, 
0.751424437621608, 1, 0.369447558186948, 0.31046289158985, 0.149970015510917, 
0.166605120524764, 0.461717789527029, 1, 0.343007294693962, 0.641502488870174, 
0.353025878313929, 0.176918207900599, 0.983852233272046, 1, 0.713155839825049, 
0.235811780206859, 0.242783988360316, 0.219146239105612, 0.444087025010958, 
1, 0.126686417730525, 0.306842344347388, 0.558191833784804, 0.974969506496564, 
0.0804178619291633, 1, 0.957247773651034, 0.692734312266111, 
0.563597643747926, 0.392554502468556, 0.599721650127321, 1, 0.966497058980167, 
0.285182712366804, 0.546418051002547, 0.0495459523517638, 0.641011263476685, 
1, 0.577226935420185, 0.414774046046659, 0.144906378816813, 0.277681175619364, 
0.799669472966343, 1, 0.532336036441848, 0.828532717656344, 0.234324203105643, 
0.448510723188519, 0.576387802604586, 1, 0.351850166684017, 0.879404858918861, 
0.291117761516944, 0.341702747624367, 0.916800616309047, 1, 0.921951234573498, 
0.606534806778654, 0.417329575167969, 0.995559482835233, 0.146538279717788, 
1, 0.736906503792852, 0.282767394324765, 0.871218814514577, 0.379165101330727, 
0.133878522319719, 1, 0.847637110389769, 0.942519173957407, 0.707623365800828, 
0.0604872736148536, 0.15920393820852, 1, 0.290868530748412, 0.768576133996248, 
0.839317727368325, 0.657953425543383, 0.962260515894741, 1, 0.560029156738892, 
0.723862224491313, 0.674073760164902, 0.75045090354979, 0.645387625321746, 
1, 0.90117736812681, 0.390061970800161, 0.570162825053558, 0.611839952412993, 
0.444359011249617, 1, 0.287794027011842, 0.993020701454952, 0.20857905340381, 
0.602829906623811, 0.010724117513746, 1, 0.45203091786243, 0.962181997485459, 
0.664156163809821, 0.869923042831942, 0.952303170226514, 1, 0.709073700942099, 
0.552927940385416, 0.126991210505366, 0.0657513551414013, 0.373137690825388, 
1, 0.260632068151608, 0.388002674095333, 0.072904982836917, 0.927579889306799, 
0.4459375126753, 1, 0.574202759191394, 0.900322238914669, 0.663028619717807, 
0.677963887341321, 0.535420300671831, 1, 0.116448181681335, 0.0829365074168891, 
0.789938246598467, 0.447592739015818, 0.728628050303087, 1, 0.818647519219667, 
0.485286185750738, 0.839478949317709, 0.530421893810853, 0.312013136455789, 
1, 0.390360749093816, 0.86466003046371, 0.00952248065732419, 
0.654053644509986, 0.700479751219973, 1, 0.892144454875961, 0.067652810132131, 
0.986184406559914, 0.166399189503863, 0.868793237023056, 1, 0.0643866960890591, 
0.0234638198744506, 0.682775325607508, 0.228971093194559, 0.257545387838036, 
1, 0.0372178030665964, 0.618282728129998, 0.603448715992272, 
0.332082349341363, 0.264919166220352, 1, 0.905325521947816, 0.347000171197578, 
0.425080591579899, 0.272597495000809, 0.0416446612216532, 1, 
0.953004590934142, 0.778245944296941, 0.520642953226343, 0.464770330814645, 
0.738886967999861, 1, 0.0903684790246189, 0.748378831427544, 
0.838589762104675, 0.783284383127466, 0.788605795009062, 1, 0.80597409280017, 
0.101452856557444, 0.411711785243824, 0.750978079158813, 0.785337334033102, 
1, 0.52797394245863, 0.404254826484248, 0.678663339931518, 0.0730011959094554, 
0.941349821165204, 1, 0.381441534729674, 0.86573304142803, 0.779995009768754, 
0.288162317592651, 0.628570573870093, 1, 0.5083119769115, 0.194925692398101, 
0.99169611139223, 0.496841445332393, 0.168075011111796, 1, 0.128494323929772, 
0.907129348022863, 0.996264044195414, 0.641844980185851, 0.38859884836711, 
1, 0.562587104504928, 0.577457597013563, 0.12973146350123, 0.882442275760695, 
0.910097266314551, 1, 0.583133428823203, 0.490092387888581, 0.120354156242684, 
0.789161304477602, 0.226751188747585, 1, 0.105829363223165, 0.959908807184547, 
0.143146385904402, 0.354893737705424, 0.561215371824801, 1, 0.551264062523842, 
0.619139151414856, 0.663766850484535, 0.704567502252758, 0.85329560842365, 
1, 0.395104539114982, 0.101779022952542, 0.746769225923344, 0.759906803257763, 
0.0386050078086555, 1, 0.174073777394369, 0.422261538682505, 
0.749345101648942, 0.106384038925171, 0.967768909176812, 1, 0.798885055817664, 
0.937162194168195, 0.403453706763685, 0.962173389969394, 0.652180353645235, 
1, 0.0734381938818842, 0.475843180436641, 0.16456296807155, 0.860653837909922, 
0.828910821583122, 1, 0.68824399379082, 0.718444876838475, 0.543431658064947, 
0.568728916579857, 0.360436575720087, 1, 0.383191728964448, 0.811012781923637, 
0.498084975639358, 0.687919213436544, 0.637643469963223, 1, 0.227102932520211, 
0.562325546517968, 0.714870203752071, 0.797525763278827, 0.744741707341745, 
1, 0.503142567817122, 0.564591299276799, 0.549740793881938, 0.240011361893266, 
0.145727574825287, 1, 0.257077004527673, 0.736679524881765, 0.541619667317718, 
0.624580061296001, 0.724325279938057, 1, 0.324748322600499, 0.0566933953668922, 
0.806108310818672, 0.883766119834036, 0.820395438931882, 1, 0.144317134981975, 
0.39326022262685, 0.0402645952999592, 0.0197160576935858, 0.167577175889164, 
1, 0.216694152681157, 0.30158758466132, 0.206635436974466, 0.927928153192624, 
0.98829682986252, 1, 0.743125758832321, 0.133492121705785, 0.977059403900057, 
0.0821526909712702, 0.265505404211581, 1, 0.64592826901935, 0.658227978507057, 
0.783530093263835, 0.16407174244523, 0.325789620401338, 1, 0.594595362897962, 
0.97639598371461, 0.615700306603685, 0.867088816128671, 0.712749011581764, 
1, 0.841600606683642, 0.478264915756881, 0.591618566541001, 0.883489096770063, 
0.41518162866123, 1, 0.865283868508413, 0.111292804358527, 0.494794955011457, 
0.340656505897641, 0.871807588031515, 1, 0.239437100477517, 0.659450117032975, 
0.469828799599782, 0.997696958715096, 0.665206262376159, 1, 0.331606502411887, 
0.135256549809128, 0.570985790342093, 0.394765145145357, 0.162666253279895, 
1, 0.0000400363933295012, 0.987481917487457, 0.239101233659312, 
0.0387004700023681, 0.0783397469203919, 1, 0.639771276153624, 
0.0443169984500855, 0.305288190487772, 0.251536210533231, 0.775804882403463, 
1, 0.341996039263904, 0.697462206473574, 0.675393391167745, 0.624181939987466, 
0.716466009384021, 1, 0.0952180230524391, 0.41107816179283, 0.14974166220054, 
0.780613041250035, 0.575492569245398, 1, 0.633154558483511, 0.0318149058148265, 
0.991017061751336, 0.234958690591156, 0.243028622819111, 1, 0.574943564832211, 
0.025389380985871, 0.183022000361234, 0.0776136326603591, 0.591141601791605, 
1, 0.722583687631413, 0.507630656473339, 0.026286595268175, 0.876968209864572, 
0.840936991851777, 1, 0.792147706029937, 0.932943697320297, 0.257915512425825, 
0.518801779486239, 0.305143190082163, 1, 0.992229331284761, 0.608276162762195, 
0.98105407692492, 0.969787811627612, 0.526844842592254, 1, 0.787131330464035, 
0.911064608255401, 0.825037291040644, 0.169051545672119, 0.743920503882691, 
1, 0.846743149450049, 0.319543337915093, 0.206885681254789, 0.0554415839724243, 
0.899492415366694, 1, 0.883502531098202, 0.852196801220998, 0.294465510640293, 
0.795487421331927, 0.982755636330694, 1, 0.502381792291999, 0.0708950660191476, 
0.115603980841115, 0.445634837495163, 0.888653571950272, 1, 0.496714573353529, 
0.231282722437754, 0.103631586534902, 0.127474447479472, 0.845223826123402, 
1, 0.920348067767918, 0.763939735479653, 0.649400066351518, 0.334861076204106, 
0.456358566647395, 1, 0.0847794560249895, 0.327362008392811, 
0.886145330034196, 0.690687250578776, 0.287940578302369, 1, 0.629160048672929, 
0.634582829661667, 0.916838847100735, 0.488654586719349, 0.244335207622498, 
1, 0.689729790901765, 0.664755711331964, 0.608202511910349, 0.200472268043086, 
0.675466324202716, 1, 0.202307036146522, 0.67594183026813, 0.926306366687641, 
0.312947385478765, 0.745399807812646, 1, 0.0510846064426005, 
0.87530772970058, 0.931396706961095, 0.489290634403005, 0.157475865446031, 
1, 0.751454624347389, 0.886788100237027, 0.96009874320589, 0.836874807486311, 
0.607612433377653, 1, 0.784539997344837, 0.202761898748577, 0.600119440816343, 
0.41889037960209, 0.976245525991544, 1, 0.704145523253828, 0.525600081076846, 
0.709155370015651, 0.793198712635785, 0.0115782164502889, 1, 
0.280055101029575, 0.468214343534783, 0.798327964963391, 0.0719729922711849, 
0.0895679669920355, 1, 0.796179783996195, 0.956185673363507, 
0.12588444375433, 0.367267014458776, 0.660388392163441, 1, 0.779522915603593, 
0.0220442295540124, 0.219906216254458, 0.393179944017902, 0.45220451336354, 
1, 0.567008301150054, 0.395950716454536, 0.253027878236026, 0.504336555954069, 
0.803662531077862, 1, 0.616481374949217, 0.360979599412531, 0.29030704125762, 
0.348173863720149, 0.384552892530337, 1, 0.412452064920217, 0.341216261964291, 
0.530836202902719, 0.757657681824639, 0.625550385098904, 1, 0.511682829586789, 
0.499265314079821, 0.0829051872715354, 0.300458426820114, 0.584183948347345, 
1, 0.0709531714674085, 0.106240790337324, 0.0372753988485783, 
0.971059775911272, 0.352085632504895, 1, 0.747917979722843, 0.416209183866158, 
0.571926650591195, 0.175279397051781, 0.489188485546038, 1, 0.558779087848961, 
0.789074834901839, 0.186507768230513, 0.095577291212976, 0.555853496538475, 
1, 0.442856195615605, 0.962963636498898, 0.89957210002467, 0.0836045925971121, 
0.548508741194382, 1, 0.229874737560749, 0.792807134333998, 0.602036578813568, 
0.242418360896409, 0.14209295087494, 1, 0.0348607725463808, 0.803477274021134, 
0.915890486212447, 0.949027570430189, 0.361950466176495, 1, 0.622046078089625, 
0.237729196902364, 0.48726186552085, 0.559720643097535, 0.0798511449247599, 
1, 0.185472238343209, 0.647368432488292, 0.78773956769146, 0.401062935590744, 
0.502964602550492, 1, 0.236211883137003, 0.619182500289753, 0.881860177498311, 
0.0160013977438211, 0.425236135488376, 1, 0.0232006083242595, 
0.524025307269767, 0.585858130361885, 0.412538768025115, 0.173939519794658, 
1, 0.828748176340014, 0.833413478918374, 0.339292256394401, 0.711105125257745, 
0.479301613988355, 1, 0.142761222319677, 0.591381010133773, 0.0383293810300529, 
0.954817422898486, 0.763880025828257, 1, 0.357579186558723, 0.0717468238435686, 
0.0688524085562676, 0.0417057680897415, 0.963565832935274, 1, 
0.23649062635377, 0.883133653085679, 0.0172367703635246, 0.59688819758594, 
0.478599247056991, 1, 0.214407777879387, 0.104089509928599, 0.40907347924076, 
0.205277928384021, 0.16915360908024, 1, 0.226020684698597, 0.863715047482401, 
0.615126035641879, 0.130006446968764, 0.236859082477167, 1, 0.224005754571408, 
0.201326839625835, 0.751645908690989, 0.0957373408600688, 0.748364089988172, 
1, 0.696092038415372, 0.167772060725838, 0.0312433147337288, 
0.606489896541461, 0.19471916439943, 1, 0.133246306329966, 0.491125072818249, 
0.733705070801079, 0.531292898114771, 0.564623757731169, 1, 0.220390903996304, 
0.28825008450076, 0.396559179527685, 0.533448479603976, 0.200781170744449, 
1, 0.101759017212316, 0.267485907534137, 0.214851515833288, 0.108783676289022, 
0.67269765259698, 1, 0.444001990137622, 0.613750105025247, 0.691350565291941, 
0.0457509611733258, 0.803675760515034, 1, 0.873778684064746, 
0.211896410444751, 0.764679410494864, 0.529149276902899, 0.8916162813548, 
1, 0.694982086541131, 0.557430315995589, 0.894882006570697, 0.291738467989489, 
0.596078833332285, 1, 0.655024912906811, 0.415843928232789, 0.80162282474339, 
0.811850770143792, 0.0784926482010633, 1, 0.0867225013207644, 
0.516315215732902, 0.16832300554961, 0.631686598062515, 0.764684836380184, 
1, 0.643038640031591, 0.10442399373278, 0.398111016256735, 0.0666756446007639, 
0.0602671455126256, 1, 0.516423502704129, 0.582111874129623, 
0.132670815335587, 0.0383286594878882, 0.0503484127111733, 1, 
0.500413629924878, 0.525619038147852, 0.592395520303398, 0.140340216923505, 
0.93071789178066, 1, 0.701135957846418, 0.568824542686343, 0.508916785940528, 
0.756634847261012, 0.380566555308178, 1, 0.506698083132505, 0.233915718505159, 
0.215359103633091, 0.173499405616894, 0.834318908629939, 1, 0.703976880060509, 
0.119155628839508, 0.820400753058493, 0.740776839200407, 0.0551671867724508, 
1, 0.923817721894011, 0.116420289268717, 0.466657117707655, 0.45634823734872, 
0.711715994868428, 1, 0.156332123093307, 0.869278455153108, 0.531894519459456, 
0.433731774566695, 0.913975488627329, 1, 0.39709398150444, 0.744704038370401, 
0.791299210395664, 0.199924444314092, 0.693694901419804, 1, 0.579156736843288, 
0.783205612795427, 0.343007523100823, 0.656339369015768, 0.118824990931898, 
1, 0.0881376971956342, 0.960187327349558, 0.783120955340564, 
0.941002242034301, 0.185443581780419, 1, 0.723041691584513, 0.985522961476818, 
0.800821025390178, 0.732090933481231, 0.511361234588549, 1, 0.616104764631018, 
0.288698927266523, 0.27092788903974, 0.747245232341811, 0.675376096507534, 
1, 0.11245088162832, 0.544805415440351, 0.94669523043558, 0.731446790043265, 
0.476579852635041, 1, 0.173372240969911, 0.748036134289578, 0.10384107241407, 
0.52503083483316, 0.352839859900996, 1, 0.769355917116627, 0.727051565423608, 
0.714296096703038, 0.388097790535539, 0.529366943519562, 1, 0.804028027225286, 
0.981237115338445, 0.213745578657836, 0.63628191058524, 0.477283151587471, 
1, 0.0748695356305689, 0.661503515904769, 0.641973175574094, 
0.81472803116776, 0.409645430510864, 1, 0.921656565740705, 0.488674784544855, 
0.492550584487617, 0.395501092076302, 0.442490685498342, 1, 0.454090561950579, 
0.560430164914578, 0.171879233559594, 0.679546213708818, 0.0911341831088066, 
1, 0.704419744666666, 0.48116267984733, 0.353359878063202, 0.400037374114618, 
0.0386286454740912, 1, 0.172367007937282, 0.0846474086865783, 
0.190872071078047, 0.287897883215919, 0.67240435956046, 1, 0.39832292101346, 
0.104078364791349, 0.037749272538349, 0.162567664170638, 0.551948961568996, 
1, 0.734793969197199, 0.268577271606773, 0.655423942487687, 0.996119390008971, 
0.585945524275303, 1, 0.419599340995774, 0.65318648586981, 0.433943603886291, 
0.998748373240232, 0.97243931167759, 1, 0.760817870264873, 0.388185226824135, 
0.265431651147082, 0.104587347013876, 0.519809706835076, 1, 0.743775527924299, 
0.938126096734777, 0.0911569267045707, 0.311291268095374, 0.764122219523415, 
1, 0.123517017811537, 0.560799039434642, 0.123716426780447, 0.772376119857654, 
0.00659576733596623, 1, 0.459357497515157, 0.184156687930226, 
0.611438368912786, 0.894495893036947, 0.964390691136941, 1, 0.692845734767616, 
0.238025003578514, 0.546155606163666, 0.508402390172705, 0.0533535247668624, 
1, 0.12565897218883, 0.513181243091822, 0.181345445569605, 0.462681900477037, 
0.227116590598598, 1, 0.592382573056966, 0.643985979957506, 0.629936159821227, 
0.472468616906554, 0.653181649046019, 1, 0.619717677822337, 0.879850765224546, 
0.827132135862485, 0.0228771374095231, 0.00428890134207904, 1, 
0.823462734697387, 0.462073377333581, 0.576068533351645, 0.14291277853772, 
0.965576443821192, 1, 0.393095336854458, 0.834515725262463, 0.350956951268017, 
0.154140952974558, 0.196331904269755, 1, 0.265540084335953, 0.351023184135556, 
0.0765224283095449, 0.879867962328717, 0.125943159218878, 1, 
0.577507592737675, 0.781177696306258, 0.923606126569211, 0.01135468413122, 
0.609204560751095, 1, 0.567101390566677, 0.663364761974663, 0.88897683750838, 
0.741695595439523, 0.470523139694706, 1, 0.13027501758188, 0.38457130594179, 
0.352895948570222, 0.474296752363443, 0.673118978040293, 1, 0.239357776707038, 
0.346210263902321, 0.285044186050072, 0.71749645890668, 0.764207843691111, 
1, 0.438795658526942, 0.292071563657373, 0.596713602775708, 0.818574000848457, 
0.940251043532044, 1, 0.596022656653076, 0.400950444163755, 0.0565960174426436, 
0.712121502729133, 0.521969863213599, 1, 0.61640046001412, 0.253605681005865, 
0.117544034961611, 0.412687394069508, 0.0897008869796991, 1, 
0.569925835356116, 0.888280163519084, 0.814603269798681, 0.312532351352274, 
0.106555178994313, 1, 0.17238279688172, 0.924276473699138, 0.811283194227144, 
0.666685583535582, 0.144467264181003, 1, 0.90980336163193, 0.403048346750438, 
0.0443479737732559, 0.321309929713607, 0.470035620732233, 1, 
0.787843703990802, 0.987513000611216, 0.542351710842922, 0.099316370440647, 
0.855869635473937, 1, 0.141632806975394, 0.0938516231253743, 
0.991035308223218, 0.876591834938154, 0.85148445260711, 1, 0.031309453304857, 
0.486522871768102, 0.858741061994806, 0.700376678491011, 0.0909708046820015, 
1, 0.467600180534646, 0.309593230020255, 0.679058247013018, 0.0619359489064664, 
0.0136514131445438, 1, 0.364780637435615, 0.598299650009722, 
0.954533788841218, 0.829746512230486, 0.127225194359198, 1, 0.281226431252435, 
0.843238626141101, 0.392670008121058, 0.518871705280617, 0.615928075276315, 
1, 0.658954168437049, 0.543314867652953, 0.220042876433581, 0.164405261864886, 
0.40446783346124, 1, 0.316664251964539, 0.249973957426846, 0.339984562015161, 
0.207716608187184, 0.969111136626452, 1, 0.283089159056544, 0.361936582950875, 
0.665193085791543, 0.8865760427434, 0.274742775131017, 1, 0.09741156315431, 
0.885435234289616, 0.452508304966614, 0.417446293635294, 0.577740005915985, 
1, 0.198449393268675, 0.164138928987086, 0.800628807628527, 0.109413123456761, 
0.407120167976245, 1, 0.00370858958922327, 0.360405137063935, 
0.371206811629236, 0.93381134653464, 0.582882340066135, 1, 0.349798041628674, 
0.728310533100739, 0.646454517263919, 0.768173700664192, 0.0630015933420509, 
1, 0.861843678168952, 0.402740063145757, 0.263912423979491, 0.396667643450201, 
0.418873995309696, 1, 0.166706767864525, 0.29950094781816, 0.197643015766516, 
0.0193341569975019, 0.546513973269612, 1, 0.408176379743963, 
0.844390376238152, 0.624192971736193, 0.341865508584306, 0.694793973583728, 
1, 0.539889983600006, 0.142656834097579, 0.0658307115081698, 
0.402392857475206, 0.0875263810157776, 1, 0.883690851740539, 
0.925587635952979, 0.266516404924914, 0.547674833564088, 0.1145099257119, 
1, 0.062586034880951, 0.672580319689587, 0.31023527123034, 0.0869295899756253, 
0.438261346425861, 1, 0.0750805716961622, 0.292967617046088, 
0.889124386245385, 0.246544289635494, 0.365167889045551, 1, 0.818415018962696, 
0.888911861693487, 0.066544235451147, 0.650345792993903, 0.497504224535078, 
1, 0.850089962594211, 0.827884314814582, 0.946004336467013, 0.0860357866622508, 
0.438169242348522, 1, 0.382137580774724, 0.0432400610297918, 
0.911547760013491, 0.702612440567464, 0.262923306785524, 1, 0.932806620141491, 
0.431123656220734, 0.141681739361957, 0.940948233474046, 0.4299124001991, 
1, 0.261866786517203, 0.199015409918502, 0.133999457582831, 0.767266917042434, 
0.426988968625665, 1, 0.964442816795781, 0.39101733174175, 0.187125202035531, 
0.0686812032945454, 0.51219605281949, 1, 0.480889749946073, 0.348197526764125, 
0.00220509292557836, 0.501220096135512, 0.636278783902526, 1, 
0.300856889458373, 0.271885702153668, 0.746433797758073, 0.242148416116834, 
0.380437212064862, 1, 0.737053086748347, 0.124012773390859, 0.246717674192041, 
0.0613536101300269, 0.810455733211711, 1, 0.720461759250611, 
0.368578922702, 0.212538508698344, 0.564956886926666, 0.644915374228731, 
1, 0.950554907554761, 0.400635721860453, 0.111349982209504, 0.766095560509712, 
0.172524081077427, 1, 0.217325334204361, 0.41842714836821, 0.927470080321655, 
0.946878915186971, 0.0194416581653059, 1, 0.924229617463425, 
0.75524063478224, 0.47877727705054, 0.557252395199612, 0.634344576857984, 
1, 0.158797050593421, 0.379860305227339, 0.203708240995184, 0.283719814615324, 
0.01538319978863, 1, 0.192528714891523, 0.27150007407181, 0.36281916918233, 
0.316318120108917, 0.774207287933677, 1, 0.249082181602716, 0.755310501903296, 
0.2816042881459, 0.267644225619733, 0.522601192584261, 1, 0.156664998503402, 
0.841539987828583, 0.575630640843883, 0.798680368345231, 0.473543601110578, 
1, 0.615287111373618, 0.896143123973161, 0.038652318296954, 0.667534588137642, 
0.930832667974755, 1, 0.903156000655144, 0.800282618263736, 0.945266293128952, 
0.446051097242162, 0.860130716115236, 1, 0.655389462364838, 0.25459088687785, 
0.0483401310630143, 0.581525766290724, 0.839316469384357, 1, 
0.376487460453063, 0.684520105831325, 0.11271527595818, 0.109645457239822, 
0.0515287797898054, 1, 0.853863637428731, 0.281700916588306, 
0.382602580124512, 0.929522004444152, 0.777814005501568, 1, 0.320965108927339, 
0.00623548403382301, 0.572807921562344, 0.574437537230551, 0.356176749337465, 
1, 0.477854043012485, 0.579365082783625, 0.597487557912245, 0.494082594290376, 
0.812806149246171, 1, 0.282506142277271, 0.242673051310703, 0.386284634005278, 
0.142564218956977, 0.373011242831126, 1, 0.989311520243064, 0.419756093760952, 
0.720978748984635, 0.0644584661349654, 0.536638232413679, 1, 
0.866296861786395, 0.215758144389838, 0.388076562201604, 0.254011949291453, 
0.176210759440437, 1, 0.449216876411811, 0.454295451520011, 0.684366929810494, 
0.897799130063504, 0.385821589035913, 1, 0.274211266776547, 0.463016016408801, 
0.785453408490866, 0.569667328381911, 0.0649113946128637, 1, 
0.467901989584789, 0.252084869425744, 0.666705653071404, 0.514592336723581, 
0.142133352579549, 1, 0.0374842477031052, 0.946980496169999, 
0.381875300081447, 0.707436181604862, 0.620240587973967, 1, 0.863656963920221, 
0.984895250992849, 0.728731558658183, 0.933459042105824, 0.591848238604143, 
1, 0.704611352179199, 0.34670950495638, 0.824776368681341, 0.363998665707186, 
0.639094260521233, 1, 0.70357555989176, 0.688689006958157, 0.837440241593868, 
0.881575078237802, 0.757330833701417, 1, 0.091003263136372, 0.356567069422454, 
0.542242128401995, 0.644320750143379, 0.560317080235109, 1, 0.376047799130902, 
0.536487610545009, 0.233675985829905, 0.404724571155384, 0.698005864396691, 
1, 0.641605782089755, 0.679802025202662, 0.739088742993772, 0.617844076128677, 
0.760844189673662, 1, 0.284548229305074, 0.00815387861803174, 
0.589660776546225, 0.251464639790356, 0.274325044360012, 1, 0.898819936439395, 
0.0347028779797256, 0.928592783864588, 0.653302988503128, 0.654130879091099, 
1, 0.909930045483634, 0.655450064688921, 0.667125281412154, 0.200224076164886, 
0.588037671521306, 1, 0.921664495952427, 0.412862709024921, 0.128420976456255, 
0.811537722591311, 0.780976979294792, 1, 0.280577647034079, 0.950539091369137, 
0.656039237277582, 0.0704844263382256, 0.578362160362303, 1, 
0.666394649073482, 0.524958619382232, 0.0274564346764237, 0.0274885045364499, 
0.781057476764545, 1, 0.497283710865304, 0.812865110114217, 0.000018151942640543, 
0.399975684704259, 0.952523915795609, 1, 0.363279842538759, 0.913189816055819, 
0.757870299043134, 0.599545790348202, 0.940325447591022, 1, 0.0203383264597505, 
0.32955250586383, 0.856344826519489, 0.92804944794625, 0.241151718888432, 
1, 0.686973127303645, 0.16252412321046, 0.766803572885692, 0.177506758598611, 
0.217121444176883, 1, 0.371362967649475, 0.646618000697345, 0.115338099421933, 
0.661487476434559, 0.598307744599879, 1, 0.609808318084106, 0.600486843613908, 
0.499110329896212, 0.61345112323761, 0.768419617088512, 1, 0.534474846441299, 
0.343711632071063, 0.285247672116384, 0.511106284800917, 0.935349750099704, 
1, 0.622053530998528, 0.484579598298296, 0.933335665846244, 0.242918607546017, 
0.475823691813275, 1, 0.66705067967996, 0.62164360540919, 0.68302299384959, 
0.890186822041869, 0.223714949330315, 1, 0.375195357948542, 0.224725903244689, 
0.88414429477416, 0.776984373573214, 0.669812409672886, 1, 0.673887108452618, 
0.137437009485438, 0.87850124691613, 0.460761389462277, 0.144658581819385, 
1, 0.919422019505873, 0.555438246112317, 0.399189399555326, 0.0950945736840367, 
0.791945982491598, 1, 0.194658600026742, 0.415923737455159, 0.931255925679579, 
0.892777130706236, 0.100609246175736, 1, 0.146621554391459, 0.160389009863138, 
0.569205319974571, 0.384343520272523, 0.225657307077199, 1, 0.635575893567875, 
0.204926849342883, 0.92154193087481, 0.163168342085555, 0.277778540737927, 
1, 0.382085390854627, 0.0261469732504338, 0.0131599686574191, 
0.553179361624643, 0.191453502047807, 1, 0.189211115939543, 0.99957669666037, 
0.454685812816024, 0.843043314991519, 0.372902784263715, 1, 0.156424661166966, 
0.654281652998179, 0.120069646509364, 0.181346677709371, 0.668032535817474, 
1, 0.685690884711221, 0.664841382065788, 0.0176117999944836, 
0.198303100420162, 0.718058200320229, 1, 0.406557585578412, 0.903184400172904, 
0.521208784775808, 0.863884057151154, 0.315143695333973, 1, 0.451996335526928, 
0.93137483834289, 0.129698445787653, 0.860382147831842, 0.626511447830126, 
1, 0.0016708557959646, 0.176026085624471, 0.09698143042624, 0.0136313915718347, 
0.413581207627431, 1, 0.209451276110485, 0.858134023612365, 0.64251087163575, 
0.498255669837818, 0.946711769094691, 1, 0.0237349320668727, 
0.938277043169364, 0.874567330349237, 0.388011985691264, 0.639870746759698, 
1, 0.424906517611817, 0.500666775507852, 0.962319451151416, 0.849100348073989, 
0.376044754171744, 1, 0.482199925929308, 0.510911883786321, 0.524540030630305, 
0.223188901087269, 0.527371376752853, 1, 0.252585054142401, 0.763381473720074, 
0.0477561054285616, 0.224784320453182, 0.579835121752694, 1, 
0.426107286009938, 0.0367745775729418, 0.333327394910157, 0.542319111293182, 
0.532679123105481, 1, 0.936922313645482, 0.296346026938409, 0.155238141538575, 
0.793988856952637, 0.158885753480718, 1, 0.300328007433563, 0.630301091820002, 
0.517183690099046, 0.651801184052601, 0.987888398813084, 1, 0.56737677520141, 
0.569688569987193, 0.963891245191917, 0.510741267818958, 0.284091375302523, 
1, 0.792785009602085, 0.383789474377409, 0.677847309038043, 0.138635714538395, 
0.352165236603469, 1, 0.0900196994189173, 0.985687785549089, 
0.620043737115338, 0.508777438430116, 0.258728753309697, 1, 0.799595453310758, 
0.5656053267885, 0.2978767210152, 0.709283660631627, 0.305085303029045, 
1, 0.895060390001163, 0.472313574515283, 0.846946500707418, 0.870148095535114, 
0.539617991773412, 1, 0.398561673704535, 0.917096583871171, 0.174861769424751, 
0.124977620318532, 0.549099877709523, 1, 0.849801739910617, 0.843822035705671, 
0.870355146937072, 0.0853433632291853, 0.543347061611712, 1, 
0.652243570191786, 0.499460332328454, 0.152992142364383, 0.00565520767122507, 
0.186658860882744, 1, 0.534770826110616, 0.955158154014498, 0.0804572519846261, 
0.899892304558307, 0.982225719140843, 1, 0.868051488883793, 0.325446504633874, 
0.736518086399883, 0.122118926141411, 0.819534549023956, 1, 0.65544858830981, 
0.393183153355494, 0.11956243775785, 0.19749979977496, 0.076338930753991, 
1, 0.114800445502624, 0.176674163900316, 0.545654818415642, 0.328687019413337, 
0.486759988823906, 1, 0.421309634344652, 0.759681859519333, 0.837529921205714, 
0.117907782318071, 0.426171563565731, 1, 0.89627743489109, 0.808977194828913, 
0.854869570117444, 0.509736072504893, 0.940018370980397, 1, 0.4310850398615, 
0.605541631346568, 0.859129646793008, 0.00202304660342634, 0.893257743678987, 
1, 0.899225512053818, 0.807054252363741, 0.275336767779663, 0.000273870071396232, 
0.579173792852089, 1, 0.686787000391632, 0.451797260902822, 0.493378112325445, 
0.478798666037619, 0.778035434894264, 1, 0.448684153612703, 0.214110500644892, 
0.50471489247866, 0.748332482529804, 0.937897803727537, 1, 0.540886597009376, 
0.368908334290609, 0.72177480859682, 0.205465642968193, 0.691891800612211, 
1, 0.651617815019563, 0.00552189885638654, 0.999403654364869, 
0.323596564121544, 0.890207219868898, 1, 0.144231101265177, 0.147612779168412, 
0.356431921711192, 0.640949473250657, 0.0170694543048739, 1, 
0.692732478259131, 0.935015943134204, 0.741914550075307, 0.535919163143262, 
0.46378687210381, 1, 0.655772797064856, 0.338339125970379, 0.402217869646847, 
0.300619984744117, 0.159177894238383, 1, 0.0990073978900909, 
0.66351023199968, 0.844895628513768, 0.684014545753598, 0.0730069275014102, 
1, 0.533405528636649, 0.147243937011808, 0.0664549362845719, 
0.713400608161464, 0.502856558421627, 1, 0.235387511085719, 0.666121260728687, 
0.102543844375759, 0.620229358552024, 0.162549568107352, 1, 0.461762455524877, 
0.513476656051353, 0.787084612529725, 0.864775684894994, 0.659570569870993, 
1, 0.796670066658407, 0.475966501282528, 0.228000647388399, 0.94257835065946, 
0.576788142789155, 1, 0.998341770842671, 0.419891804922372, 0.309498145245016, 
0.956693341955543, 0.987516710767522, 1, 0.11645551235415, 0.162778938887641, 
0.643374175997451, 0.653575706994161, 0.638699640985578, 1, 0.921827789163217, 
0.839026402449235, 0.596846821252257, 0.516929839970544, 0.780652773333713, 
1, 0.992880748584867, 0.149543901905417, 0.412924966774881, 0.344141565263271, 
0.470483828568831, 1, 0.73474984173663, 0.250983699690551, 0.414793506497517, 
0.360023064771667, 0.913650044938549, 1, 0.920398770831525, 0.425869555212557, 
0.30006318539381, 0.35431101731956, 0.650594720384106, 1, 0.379248403478414, 
0.974768209503964, 0.326092016184703, 0.809955284232274, 0.275692937197164, 
1, 0.480962359812111, 0.863922925433144, 0.225991054438055, 0.185457692714408, 
0.0900772418826818, 1, 0.184013381833211, 0.044902628287673, 
0.516792794689536, 0.26919687865302, 0.943175940774381, 1, 0.629279075888917, 
0.347166500985622, 0.494762348709628, 0.831104191020131, 0.351038100430742, 
1, 0.842696494888514, 0.0366480143275112, 0.731471168575808, 
0.11262434720993, 0.92254623118788, 1, 0.585296083241701, 0.958152366569266, 
0.240878214361146, 0.830812457948923, 0.866325251758099, 1, 0.848559477366507, 
0.392382949125022, 0.914018692215905, 0.740514402277768, 0.809289388591424, 
1, 0.0788452744018286, 0.292572159087285, 0.780624512117356, 
0.87944604922086, 0.171395058277994, 1, 0.79057239042595, 0.799220643006265, 
0.0827760081738234, 0.563279806636274, 0.179199596866965, 1, 
0.460643836297095, 0.497615955537185, 0.996382917976007, 0.465369229670614, 
0.181118274340406, 1, 0.656013708095998, 0.733622446423396, 0.406628789147362, 
0.415812987834215, 0.330339489737526, 1, 0.320734481792897, 0.265321913408116, 
0.905631917063147, 0.927464491920546, 0.319835453061387, 1, 0.395190603565425, 
0.304617330431938, 0.5975718467962, 0.468843434238806, 0.524028938729316, 
1, 0.0854342631064355, 0.155672399327159, 0.106431514490396, 
0.642039298545569, 0.324041684623808, 1, 0.528391495347023, 0.778371080989018, 
0.538720748387277, 0.596794501645491, 0.105504392413422, 1, 0.742499560816213, 
0.724718544865027, 0.648329623043537, 0.94303064676933, 0.135177977383137, 
1, 0.762942736735567, 0.0678535231854767, 0.153236201498657, 
0.883441105950624, 0.0535148174967617, 1, 0.237656068988144, 
0.1850814986974, 0.266581746982411, 0.908240637509152, 0.907031928887591, 
1, 0.252466490725055, 0.0853943151887506, 0.313294711057097, 
0.701412943191826, 0.782215454149991, 1, 0.0464805890806019, 
0.361567719606683, 0.636038855882362, 0.138147725723684, 0.408399663399905, 
1, 0.51050477521494, 0.573022287804633, 0.700482553802431, 0.56751980772242, 
0.204174963990226, 1, 0.375426349695772, 0.960782272741199, 0.636510600103065, 
0.823465058812872, 0.578093269607052, 1, 0.123533718055114, 0.78891477920115, 
0.945161958690733, 0.50884666107595, 0.384123653639108, 1, 0.953724916325882, 
0.554673949722201, 0.340501885628328, 0.350580253405496, 0.603170467773452, 
1, 0.604289440205321, 0.367081565316767, 0.657321078004315, 0.608833157923073, 
0.0445204118732363, 1, 0.699980998411775, 0.577195961261168, 
0.756256502820179, 0.0559571881312877, 0.956236228346825, 1, 
0.16021120082587, 0.33711092104204, 0.29265243629925, 0.841943066101521, 
0.0759844128042459, 1, 0.301429567858577, 0.802545181009918, 
0.212693413952366, 0.430531184421852, 0.998476418433711, 1, 0.364663295447826, 
0.139222716912627, 0.500538571272045, 0.0550240224692971, 0.334902006201446, 
1, 0.862044252688065, 0.330032563302666, 0.68128113495186, 0.145312605658546, 
0.294562198454514, 1, 0.217504938831553, 0.093161998083815, 0.93125894991681, 
0.997926868731156, 0.895573324058205, 1, 0.834483028156683, 0.931275804294273, 
0.563119900412858, 0.66543781850487, 0.159058733610436, 1, 0.84314529877156, 
0.866680898703635, 0.283453582087532, 0.36793544748798, 0.255703910719603, 
1, 0.59497446520254, 0.531482546823099, 0.803359796991572, 0.842813409864902, 
0.74747139099054, 1, 0.956061370437965, 0.419568550307304, 0.0214698729105294, 
0.454846314387396, 0.991231908090413, 1, 0.327752048615366, 0.261008010944352, 
0.256486215163022, 0.252695942530409, 0.67294363421388, 1, 0.148028798634186, 
0.287647420074791, 0.681170548545197, 0.0882521034218371, 0.660036634188145, 
1, 0.0250595675315708, 0.0459071374498308, 0.503841901896521, 
0.831369439139962, 0.236557045718655, 1, 0.572074743453413, 0.867801456712186, 
0.000737954862415791, 0.0148811396211386, 0.435010077198967, 
1, 0.360080354148522, 0.626050601014867, 0.747429332695901, 0.821453701006249, 
0.119666140293702, 1, 0.571020982926711, 0.646664939122275, 0.721943189622834, 
0.032254334539175, 0.442462667822838, 1, 0.0900888473261148, 
0.446144037414342, 0.906221830751747, 0.540886584436521, 0.00643303757533431, 
1, 0.917570657795295, 0.963893331121653, 0.716566325165331, 0.192078077699989, 
0.59847955731675, 1, 0.275908632436767, 0.609692310215905, 0.570904111256823, 
0.283050266327336, 0.219081230461597, 1, 0.00417774519883096, 
0.104718014597893, 0.0565413157455623, 0.491823961026967, 0.78332807472907, 
1, 0.854701830539852, 0.728438687510788, 0.225323336198926, 0.340141827007756, 
0.501960543449968, 1, 0.490848476998508, 0.086855644825846, 0.674862202722579, 
0.996324425796047, 0.46576986508444, 1, 0.679571332409978, 0.161965030478314, 
0.981998939067125, 0.24369644629769, 0.0596553815994412, 1, 0.64133247314021, 
0.505534555995837, 0.449153162771836, 0.508716164622456, 0.57872026716359, 
1, 0.844688304001465, 0.502247237600386, 0.646483563585207, 0.55867082811892, 
0.692372158868238, 1, 0.7928758605849, 0.306387150660157, 0.815747150685638, 
0.47210249886848, 0.494470253121108), .Dim = c(1000 , 6)))
