list(y = c(0.873321496464209, 2.40369836637152, 2.08029825358329, 
0.164020846965178, 1.2162817192814, 1.48136980626486, 0.826330951181605, 
0.967001182665132, 0.270646553580941, 0.5846402968937, 1.2235592264329, 
2.53464148785569, 0.446466184775508, 2.07087739168917, 3.35636095901741, 
-1.05170390042814, 0.6068586313608, 2.01776342900725, 0.542350070389317, 
-3.06961171227939, 0.232897325147374, 2.67886785885931, 2.09317730042286, 
1.71030226049256, 1.75608430871213, 2.53783081132134, 1.95468222347468, 
-1.80458570440745, 2.09906522100147, 2.02315534841533, -0.790058207164559, 
1.20346095376133, -0.748426155691867, 2.15277565091784, 0.298394519862547, 
0.300817579987049, 0.502809647168249, -1.5646711072813, 0.46629677577114, 
0.4136367415284, 2.1305443275288, 1.89731351548294, 1.50563019337746, 
3.82604856207971, 2.68957078077532, 2.19625690803833, 0.915216601175433, 
0.310978953257198, 3.31855198236649, 2.18972220623791, 0.164551896290451, 
2.03781194234133, 1.369616911975, 1.18637204429741, 2.85110421387934, 
3.10334243648206, 2.19670963107989, -0.881895244699784, 1.67883674881944, 
1.32886767434139, 1.17681284638867, 1.347166220109, 0.830377843371795, 
3.77361800104182, -1.07710351618388, 1.20121881022528, -2.22629217000712, 
2.13133740666048, 1.00256201543778, 1.24695501272865, 2.37540094342367, 
0.47615810724154, 0.553995027740713, 2.76081686044149, 2.61341946698815, 
2.58076577778636, 2.14689578881337, 2.38615113616661, 1.05562562676089, 
0.715356995930353, 1.85034449649389, 0.124505763387458, -7.00908538487008, 
1.35483782286711, 0.699034222084442, 1.00654888525009, 1.26124822175075, 
2.53962358897484, 1.72481455595085, 1.68759258009533, 1.96071936932234, 
-2.40990763618652, 3.3324553464509, 1.58988866243444, 0.208551309838117, 
2.67758173306589, 1.28762698742858, 0.466916636157522, 2.14867172703766, 
0.198902107737826, 1.97456640978276, 0.296038964249965, 1.6030614654139, 
1.16495427114077, 2.4260122489346, 1.67800153117229, 1.84956171772348, 
2.72548390782611, -0.401007814382941, 1.48586651261663, 1.54029140253859, 
2.80678914868474, 0.744080990889018, 2.05567873050962, 1.60120193425453, 
1.55770610731471, 1.43381992849239, 3.2857621869966, -0.426383814925894, 
1.0286322916365, 2.43861813733764, 2.52659364147485, 1.40319820237986, 
1.91521719793239, 0.649929987056583, 1.91494959386759, 0.72174404420162, 
1.41539673934849, 1.91552200513473, 2.55558223605592, 2.85607996700488, 
0.143401039608597, -0.355098350410404, 1.75546527697672, 2.06399907208148, 
2.83369818859841, 2.21986646516481, 2.52012742932488, 1.64859537895543, 
-2.25057741493361, 0.410503752128087, 2.35660333592974, 3.15405638041362, 
-2.54381358380538, 0.5518920470558, 2.44752105237519, 2.32204328100382, 
0.962291846577994, 3.30335996030003, 3.0626861020176, 1.28574587226338, 
0.944929055586562, 1.30047972176823, 2.46055639388555, 1.66039525939142, 
2.24383763843187, 3.12100033163867, 2.16162446477749, 1.80487927566377, 
2.12208075643931, 0.347046547434048, -0.0914926064518192, 1.11648443982629, 
0.720024694136494, 1.38917094221224, 1.33168667712467, 1.29052472139786, 
1.59341402024934, 2.04356334904356, 0.9536433448453, 1.91947665685457, 
2.93847768298139, 2.59423920909685, 2.1444242261484, 1.00947353678063, 
0.408295712803462, 2.10201425602099, -0.85642542010259, 2.32852012769315, 
3.57407412218273, -3.45549042096096, 2.5877291355432, 1.33905975625765, 
1.20721373758968, 1.7795852480981, 0.996711435586405, 1.44946919752981, 
-2.19991938599746, 0.843738120434779, 0.795179553291756, -1.18143250666836, 
2.91810314329604, 0.326471039500978, 0.998176401506645, 1.86427418508726, 
1.21271082050874, 1.9252745952657, -0.398236670252341, 0.989940957392097, 
1.3723262310333, 1.31291692192517, 1.75531573590127, -0.141220566882244, 
1.3990090611496, 0.88265184984956, 0.905627520991353, 1.58876100809528, 
0.14335970474963, -0.59554948268557, -0.124829341276196, 2.64053161282455, 
1.98964062620722, 1.45129842840508, 0.614604498909108, 3.04040360111004, 
0.147507285621031, 1.68099282692588, 0.873188266780853, 2.51259965849462, 
1.4356778686647, 1.4102315863302, 2.08821795371277, 1.20770833970906, 
1.30741224655912, 0.838001900636816, 0.968918275582169, 2.99015883162619, 
2.82353427292158, 1.97334293485111, 1.10112856360683, 3.00537699035059, 
2.66915525632043, 1.92916042140879, 0.906318442201472, 2.41124469673998, 
0.585094304248796, 2.00278829514841, 2.90995817955999, 1.42528031157516, 
-0.146132281419974, 1.25715439262579, 2.02253928157654, 0.989369699438625, 
-0.565202117495064, 1.42927779415177, 1.28770494884753, -0.0458250450386125, 
1.67476671375552, 2.88391160241647, 2.27536938155117, 1.04364505718093, 
-0.113898710105109, 0.599701247294718, 1.6118705205186, 1.0098180585868, 
1.72572682295741, 0.716093848890431, 1.54832983983453, 0.750209895692584, 
3.73867674719368, 0.91158443026976, 1.93088778312129, 1.14095420615683, 
2.79683536592583, 0.715809368379901, 3.08749252428309, 1.1033153257933, 
2.31003392042783, 1.02191768576849, 2.9979976311265, 2.2904114554677, 
1.79919589598975, 0.803387865135859, -0.199703894732407, 1.57110059473599, 
1.96895281711566, 1.59336012757323, 1.48394914233194, 1.10529497492588, 
2.22041709792902, 1.28388396128734, 2.05808774787621, 0.249292281404869, 
2.30745604886568, 2.58417833714881, 1.67965812903787, 1.55943825830905, 
3.41266156377351, 1.04051496866837, 2.57889509716498, -0.771458977239494, 
1.15431029796321, 2.70077830757985, 2.38540441776555, 0.581582703894126, 
1.62044718107872, 2.02532449462546, 0.901635402959477, 2.12915007207383, 
1.55272136528749, 2.40969656243721, -0.705503592770214, 0.341616412799403, 
0.197782302569089, 2.53052270950045, -0.26297420286729, -0.664366366565369, 
-2.21743087589732, 0.666941895102502, 1.4110979570007, 2.17163224206536, 
2.42378159447087, 2.1049841761581, 0.792770184546733, 0.717713324684943, 
1.17730155869331, 3.90945068386005, 1.94061421967617, 0.477805683208331, 
1.17684991378914, 0.627427656570928, -0.190001395466164, 2.05734512709627, 
1.44492679804412, 1.67923365429281, -0.247778742133662, 1.13256628190144, 
1.65644623136408, 1.90318562458228, 1.30782268550908, 2.90630560086999, 
1.2973837547862, 1.84291104641453, -2.38571962460636, 3.26673149380764, 
1.55613774771235, 0.394860221453057, 0.967637622861656, 2.23414266641633, 
2.24386341466804, 3.24676173477831, 3.17004465035421, -2.37179535661504, 
-1.61040969443958, 0.8252966084663, 2.73520094939504, 1.79797891067249, 
2.34855084186834, 1.60991096164948, 3.73213154426404, 2.13778017066375, 
0.467926126605526, 1.95576701582358, 3.0045318181736, 1.23531798623942, 
0.685519537309612, 1.27090519410383, 1.14198723960328, 0.70506711860824, 
2.91137015484487, 1.40923184044237, 0.165667731456269, 2.33019754059963, 
1.26838112156495, 0.357712217513868, -0.229523754154653, 1.50751212640121, 
1.02170105208588, 0.908625001466369, 3.51957311998914, -0.540282090982083, 
1.85282100505254, 0.114181514080826, 1.59440476587344, 0.342961515206825, 
-0.267308802307075, 1.81652257994989, 2.65811805148807, 2.51709509878248, 
0.989029784438823, 2.05007778170457, 0.706779695352544, 1.25910810855046, 
0.894133006578464, 0.72832522236608, 2.06808124942463, 0.0100669431378212, 
1.75105031664049, 1.29736395592283, 0.918169132117435, -0.210641408743167, 
0.472169099937588, 2.10336669010047, 2.20940676459167, 2.74254001776188, 
3.35708781870472, 0.947459499147627, 1.08729967395037, 1.41643049343003, 
0.938158099389859, 2.63270224354136, 2.26521576241905, 1.1976911013498, 
0.291992345580594, 0.516576560637792, -1.49600982268764, 2.40366079409478, 
1.11100116600951, 2.24742889105914, 3.63250935836837, 1.38965281833378, 
1.8440019961422, 0.919424909984853, 2.41366680735372, 1.38691651586517, 
1.76274369394499, 3.0611994788497, 1.52753003456381, 0.0959255467359456, 
3.12392326440907, 1.2718180235299, 1.64324088130023, 0.473038575529091, 
2.68946927569656, 0.287436363296687, -0.0248517818443783, 2.28014204955674, 
1.89387237331594, 1.84110934071576, 1.65372174775914, 1.86762433452865, 
1.69556724362031, 1.52181443440165, 2.12243775706244, 1.23226591231071, 
2.30715618531259, 2.26824403140176, 1.23893477970414, 2.6925100723661, 
1.94541036607578, -1.84008418146914, 2.07477144706493, 0.655410582962865, 
2.17042796112857, 0.746047687633828, 2.88121600815455, 0.718970108819456, 
1.62407336290479, 2.88432786747074, -0.0208359252221291, 1.59592495113852, 
-0.883234362796157, 0.939062515939681, 3.25263196680216, -0.46886448858443, 
1.62682430323507, 1.16091121216703, 3.2654085331584, 1.78771454588007, 
1.53401399227738, 2.76537194389295, 2.07418307464414, 3.03767919351366, 
2.13198663784926, 3.05304855073888, 1.94784412162693, 2.00130138379811, 
2.05011572946001, 2.73859688311535, 2.23147302589187, 2.52690311679008, 
1.8615678771027, 1.59376343191504, 1.3768331969445, 1.97525809405608, 
-0.543315275161675, 2.64842128527762, 2.76909598203135, -0.0510210116976838, 
2.60981812336557, 1.00978381012624, 0.607976642374082, -2.46894781128018, 
0.988022479854839, -1.08636495856703, 1.18758149947667, 3.44576496136217, 
2.60334326049532, 2.43544652445576, 1.05962978897728, 2.16535158185697, 
1.79301311458517, 1.13669696752416, 1.54155737576475, 1.69215821829279, 
1.71612320336082, 2.73465400440162, 2.64900355266331, 1.57295696697807, 
0.797754470910149, 2.29032424223006, 0.593827527920833, 1.78710073873462, 
2.67197081495237, 2.00712734372783, -0.0177180044692622, 2.44930563665754, 
3.11144819416333, 0.354336167018606, 1.65679428496841, 2.58350049519581, 
0.582464112149214, 0.76488218079331, 2.08198269788422, 0.613562718442233, 
2.33284654916821, 1.05476390410954, 1.5612513882659, 3.22417363429979, 
1.61886240001546, 0.834404324369803, 2.20490253305312, 1.95076166045796, 
3.59109673122447, 2.54236593717944, 1.03044415652369, -3.24103976166052, 
2.54838670217216, 0.151138013543688, 1.85802399178141, 0.113620348458787, 
3.05314904708547, 0.7678203715634, 2.40399501447952, 0.410385564615379, 
1.81657870253495, -0.327138922732406, 2.81033612441911, 3.4875983406389, 
0.948860314950239, 2.21900085112072, 1.73531407414987, 1.88618476377339, 
1.54140169489302, 1.31212504143624, 0.921337725593593, 2.14760401339901, 
3.0299470350632, 1.00727701349615, 1.35012242276289, 2.42728923982913, 
-1.06640225502454, 3.25375508373109, 2.75031154579818, 2.74581448258795, 
2.03532378418476, 1.62578188734599, 0.673253916027274, 0.434950946889703, 
2.65820188817593, 1.05699815790003, 0.54768682589462, 3.62017131789054, 
0.870201111940503, 2.02739918322933, 0.232116135852021, 0.899225846293733, 
1.56924673185331, 1.57316028335031, 0.260937785097132, 1.58735272237088, 
3.16543089948749, 2.23101993734958, 2.07181440229708, 2.21811904070581, 
1.1431681621151, -0.224666418729248, 2.00794855853032, 1.18094710155287, 
0.0477306762796458, 1.09032105300174, 0.34641160477934, 2.56288250162584, 
1.60116770963671, 1.81879986646843, 3.10712185020767, 2.59317503958109, 
1.2376885491785, 1.95231993068666, 3.67010516712196, 0.869064568702008, 
3.85770280879049, 1.10020385094622, 0.146287242158594, 0.618112249631039, 
0.172578521591608, 1.49794321879936, -0.0207009850324578, -0.102887009801274, 
1.55526174707367, 1.40308477030682, 2.74649691874867, 1.7846058399014, 
1.63558351646236, 0.712408015166099, -3.33369611995261, 3.33452320538396, 
-0.0685709650898682, 2.86313350995548, 1.37143974799375, 0.8418004351668, 
3.00968547803833, 1.65110321268543, 0.23177353639316, 1.6994181081319, 
2.83954402584723, 3.60347843665355, 3.03099414562864, -1.39600995525239, 
0.926712311025471, 1.70187798303229, 1.99863272836892, -0.732734527682625, 
2.47203026590329, 0.486680475544457, 1.89714961976406, 1.39948372982819, 
0.814860531512388, 2.34348223484773, 0.81339128723583, 0.588255293447745, 
0.981798067649578, 1.14748971843838, 0.105184881782152, 2.80007614449479, 
1.3199828454708, 0.534758201747099, 2.99256279766484, 0.577411293819719, 
0.494179145726238, 1.22377611279115, 1.80704514321227, 1.93205276128769, 
2.25307348114727, 1.80796158819114, 0.665873459867508, 1.61615989636217, 
1.63531809477015, -0.994085807641227, 0.913119215245575, 2.32801576649412, 
-0.533952317076018, 2.03724948431507, 2.51794119938439, 0.706115558227978, 
-0.351033649416133, 2.58218297449034, -0.599308194139104, 2.89309021894442, 
1.93332344214869, 0.0115706418071035, 0.841853897462741, 1.65568693802192, 
0.222833953315808, 1.32156501110983, 0.466871871896917, 0.759430646763916, 
2.64203360388941, 1.53391927845174, 0.847790383519298, 1.64740194344923, 
1.68544947812557, 2.07756188898085, 1.93487867781006, 2.84473537734096, 
2.96903859080367, 2.57188979358761, 2.01338826240673, 1.33981397773406, 
3.06856547462567, 1.08450725118661, 0.618217933559724, 2.65948863014731, 
0.231759710673966, 2.62763842316123, 1.47563039818516, 1.2019317056952, 
-1.57195644630642, 1.54907108816859, 1.36773595324391, 2.77269790814728, 
2.84854004098657, 0.523146036263737, 1.54944645001294, 2.53832406496223, 
1.67950703565288, 3.15617291654407, 1.72367371448106, 0.94718880771373, 
1.33975731956341, 2.4991388820017, 0.171923136408889, 1.54899403676571, 
2.75857390446545, 1.17429613196279, 2.16470243824602, 2.10442226078912, 
2.26305984147165, 1.54580959029395, 2.02597077243415, 0.384841429468023, 
0.136075796470581, 1.02017521435807, 1.4856714174371, 2.41751428310217, 
2.91448915348733, 2.25297265245452, 0.572287066414983, 1.98023597693464, 
0.046128803730961, 1.29084463325668, -1.11344627337361, 2.30398156950609, 
0.748144604361622, -0.0192946703910163, -2.07427288797094, 1.61090085563982, 
2.04396499570264, 3.93652315857064, 3.12758059190603, 0.881171120287804, 
2.78436957234447, -0.862730476020335, 0.0109404692630238, 2.77158889145695, 
1.73664903440184, 2.798512575479, 2.15348520525481, 2.64924051823915, 
2.72868658768298, 3.82436307122, 1.36215569756978, 2.04127114997576, 
1.72985327924687, 1.97995587985224, -1.75597651580771, 1.12080845336773, 
0.870668461528509, 1.36056372033161, 0.838082025717035, -0.853315330056364, 
1.64302809386977, 1.35586890809909, 2.89085194784518, 1.79262524724612, 
2.86112076379917, 0.702993408936967, 2.1772853876518, 2.21808512515405, 
1.32945917072226, 2.29715428392057, 1.26746023717312, -1.3879860796232, 
1.23643629186671, -0.614417786483307, 1.90094157700355, 0.802631968116114, 
-0.147589504352885, 1.84574156622615, 0.457742207182179, 0.0310681036003132, 
1.88300267949565, 2.00019619544923, 2.74528614588532, 2.02785872261909, 
1.03264839702468, -0.293150332501474, 0.884441702800886, 1.65495115490316, 
1.9644598085869, 0.215631751173293, 0.871933646431424, 0.697433290502571, 
2.07458535582151, 2.38691642575296, 1.62671183424325, 2.50562340890233, 
3.29296721439401, 0.988568978513196, 2.58327276731493, 1.0458487430027, 
2.67042166074903, 2.19589211983223, 1.9505277534636, 2.02633181848142, 
0.896911447119333, 1.25444295922809, -1.01266549669578, -0.971877170483507, 
1.86352715955749, 2.3322009538165, 1.02551283448141, 1.83252812042105, 
0.587544314197086, 1.3393128360891, 0.893923680602688, 0.674207325182011, 
2.21726466230116, 2.73723402831472, 1.92707081598602, 1.47432883757857, 
0.222125258525045, 2.85197416070062, 2.91567968032275, 0.854185159821906, 
0.912630417836417, 1.65766518443833, 0.877182298794348, 0.182837385425227, 
2.68682153349837, 2.48554851159356, 1.11999813251881, 2.50767805550248, 
1.37102280735271, 1.91298323769665, 1.1555941972623, 2.57879771951018, 
1.76756968745152, 1.16411632774148, 0.368005050844916, 1.38415267860302, 
1.77298664383756, 0.686773268771659, 1.02731441754349, 1.88813102176064, 
1.33580822968168, 0.0752292385601824, 2.22024611083072, -0.54561020978148, 
2.10646957801898, 1.05149291527241, 1.52392546782685, 1.95144064017999, 
3.39868393622303, -0.0880331965273204, 1.60171422066981, -0.0595830560586362, 
1.25455963144701, 0.497610789161012, 1.15085733110488, -0.183062277848667, 
1.14832367740991, 1.25114937669604, 1.96461582391238, 2.61910580846037, 
0.312445608550694, 0.46790425893693, 1.28385855497442, 2.11234480247138, 
1.93366449099276, 3.80148583448702, 0.604064653549552, 0.900179325833025, 
1.70763576718314, -2.89359405584782, 2.0119688311247, 0.245585419152507, 
2.35322237509138, 0.793282835428689, 1.88010697431835, 1.71222067066413, 
0.994256458065871, 1.9069597301051, 3.51001151124476, 2.14451454435692, 
3.29904302621747, 1.15239825918801, 1.09388249340987, 2.74813257211189, 
-2.74796315598393, 0.647938341479193, 2.60441094568286, 1.75013992263472, 
2.12470253546367, 0.851739608761184, 1.42110733723697, 2.90423094911632, 
1.67620181546394, 1.01552273784372, 1.23277385710273, 2.06359823909282, 
1.06381087897026, 2.56620157080827, 2.28651561552355, 1.8097914854188, 
1.16132219263487, 1.88311298667815, 2.03223521981786, 0.146948418509644, 
1.61642514088121, -2.37756174752931, 1.99768636555307, 0.862402409198294, 
1.22389530279398, 2.10858997787935, 1.82538608526182, -0.619054627171586, 
2.38818824143641, 2.79894474057174, 2.68637719718973, 1.45804408294265, 
0.978005790661293, -1.39025885045622, 0.973702275100929, 2.03760551322001, 
2.78766919320686, 1.82546108292332, 2.10154671512051, 1.67303580739579, 
3.05625862040427, 1.35273221633504, 3.20046666292201, 0.915280293401529, 
2.21641438525173, 1.9770300689614, 0.651580029995749, 0.26086345448719, 
2.46248840082683, 3.62834802622441, 2.2558667903146, 1.94762267437311, 
1.76917303060213, 1.10295965029252, 1.64741875512673, -1.48832452179951, 
-0.402102530659903, 2.92058723497962, 0.9498148406313, 2.17951260715624, 
-0.196665631197851, 0.8691885076089, 2.49135010137321, 1.72059084629723, 
2.47865227957594, 0.643169212020028, 3.00429293641161, 0.821598188408935, 
1.0636978787016, 1.6145102758331, 1.77239414886878, 1.38357295651918, 
-1.05119641094659, 1.35190355776724, -0.258782987185354, 2.32252794673719, 
3.11341868368118, 1.28540992761231, 1.59702790728303, 2.58665528529821, 
1.82114076673934, 1.77725281966742, 1.14119615875926, -0.520617637006441, 
1.89893038283168, 2.39540983053249, -0.877697792041563, 0.533593168687945, 
-0.437234522461187, 1.05253141349129, 1.97847124451721, 2.58927713495157, 
2.79822302423065, 1.9853288480765, 1.4489365164534, 2.28913739255949, 
0.381509871646672, 1.5639924186027, -0.0871974412272463, 1.79111037618827, 
1.34939391153436, 2.58742682443031, 2.02723498179694, 2.76901874991902, 
1.52025060839908, 0.259752985554694, 0.947636009273836, -1.14446356440768, 
1.19276168580773, 2.03271240749891, 2.11472568636328, 1.91079308259367, 
3.11741439457639, 1.51570059306805, -0.807120327763593, 1.86527559688631, 
0.360379202412725, 1.59723440996453, 1.66152236120022, 2.44611255311195, 
2.12943646473023))
